# thisFile = xPeriment-B.ogrT-100-MS/xPer-B.ogrT-MS-10,55-100-1901-sample.txt 
# configuration file = xPeriment-B.ogrT-100-MS.tcl 
# created on Mon Aug 31 03:07:01 EDT 2015 
#
instanceID	instanceDim	hostID	sandboxID	solverName	valueTarget	valueBest	targetReached	isCensored	runtimeLmt	runtime	cntProbe	walkLength	cntRestart	speedProbe	coordBest
10,55-1-1901	54	brglez@bn19-34-Linux-3.10.0-229.4.2.el7.x86_64	B.ogr	B.ogrT	-8	-8	1	0	3600	23.0	181531	6857	0	7893	010000000000010000001000000010010000000000001000100001
10,55-2-53335	54	brglez@bn19-34-Linux-3.10.0-229.4.2.el7.x86_64	B.ogr	B.ogrT	-8	-8	1	0	3600	49.7	390371	14753	0	7848	100001000100000000000010010000000100000010000000000010
10,55-3-567930	54	brglez@bn19-34-Linux-3.10.0-229.4.2.el7.x86_64	B.ogr	B.ogrT	-8	-8	1	0	3600	30.0	235067	8881	0	7835	100001000100000000000010010000000100000010000000000010
10,55-4-256020	54	brglez@bn19-34-Linux-3.10.0-229.4.2.el7.x86_64	B.ogr	B.ogrT	-8	-8	1	0	3600	81.3	634870	24003	0	7806	010000000000010000001000000010010000000000001000100001
10,55-5-304520	54	brglez@bn19-34-Linux-3.10.0-229.4.2.el7.x86_64	B.ogr	B.ogrT	-8	-8	1	0	3600	26.0	203890	7703	0	7853	100001000100000000000010010000000100000010000000000010
10,55-6-887245	54	brglez@bn19-34-Linux-3.10.0-229.4.2.el7.x86_64	B.ogr	B.ogrT	-8	-8	1	0	3600	34.8	270908	10235	0	7789	100001000100000000000010010000000100000010000000000010
10,55-7-244841	54	brglez@bn19-34-Linux-3.10.0-229.4.2.el7.x86_64	B.ogr	B.ogrT	-8	-8	1	0	3600	29.0	229085	8655	0	7898	010000000000010000001000000010010000000000001000100001
10,55-8-843586	54	brglez@bn19-34-Linux-3.10.0-229.4.2.el7.x86_64	B.ogr	B.ogrT	-8	-8	1	0	3600	19.9	154949	5853	0	7791	100001000100000000000010010000000100000010000000000010
10,55-9-436548	54	brglez@bn19-34-Linux-3.10.0-229.4.2.el7.x86_64	B.ogr	B.ogrT	-8	-8	1	0	3600	137.	1072016	40549	0	7838	010000000000010000001000000010010000000000001000100001
10,55-10-558338	54	brglez@bn19-34-Linux-3.10.0-229.4.2.el7.x86_64	B.ogr	B.ogrT	-8	-8	1	0	3600	70.2	554172	20949	0	7893	100001000100000000000010010000000100000010000000000010
10,55-11-545556	54	brglez@bn19-34-Linux-3.10.0-229.4.2.el7.x86_64	B.ogr	B.ogrT	-8	-8	1	0	3600	2.34	18474	697	0	7911	010000000000010000001000000010010000000000001000100001
10,55-12-229548	54	brglez@bn19-34-Linux-3.10.0-229.4.2.el7.x86_64	B.ogr	B.ogrT	-8	-8	1	0	3600	1.77	14130	533	0	7973	010000000000010000001000000010010000000000001000100001
10,55-13-236192	54	brglez@bn19-34-Linux-3.10.0-229.4.2.el7.x86_64	B.ogr	B.ogrT	-8	-8	1	0	3600	3.57	28049	1059	0	7853	010000000000010000001000000010010000000000001000100001
10,55-14-173257	54	brglez@bn19-34-Linux-3.10.0-229.4.2.el7.x86_64	B.ogr	B.ogrT	-8	-8	1	0	3600	3.99	31806	1201	0	7968	100001000100000000000010010000000100000010000000000010
10,55-15-842560	54	brglez@bn19-34-Linux-3.10.0-229.4.2.el7.x86_64	B.ogr	B.ogrT	-8	-8	1	0	3600	34.4	271349	10253	0	7894	100001000100000000000010010000000100000010000000000010
10,55-16-478777	54	brglez@bn19-34-Linux-3.10.0-229.4.2.el7.x86_64	B.ogr	B.ogrT	-8	-8	1	0	3600	31.0	244500	9237	0	7875	010000000000010000001000000010010000000000001000100001
10,55-17-267593	54	brglez@bn19-34-Linux-3.10.0-229.4.2.el7.x86_64	B.ogr	B.ogrT	-8	-8	1	0	3600	1.15	9104	343	0	7937	010000000000010000001000000010010000000000001000100001
10,55-18-591342	54	brglez@bn19-34-Linux-3.10.0-229.4.2.el7.x86_64	B.ogr	B.ogrT	-8	-8	1	0	3600	54.3	423532	16007	0	7803	100001000100000000000010010000000100000010000000000010
10,55-19-818716	54	brglez@bn19-34-Linux-3.10.0-229.4.2.el7.x86_64	B.ogr	B.ogrT	-8	-8	1	0	3600	38.6	304301	11497	0	7888	010000000000010000001000000010010000000000001000100001
10,55-20-91757	54	brglez@bn19-34-Linux-3.10.0-229.4.2.el7.x86_64	B.ogr	B.ogrT	-8	-8	1	0	3600	24.5	194004	7329	0	7921	010000000000010000001000000010010000000000001000100001
10,55-21-512826	54	brglez@bn19-34-Linux-3.10.0-229.4.2.el7.x86_64	B.ogr	B.ogrT	-8	-8	1	0	3600	8.97	71248	2691	0	7947	100001000100000000000010010000000100000010000000000010
10,55-22-997742	54	brglez@bn19-34-Linux-3.10.0-229.4.2.el7.x86_64	B.ogr	B.ogrT	-8	-8	1	0	3600	13.6	107196	4049	0	7906	100001000100000000000010010000000100000010000000000010
10,55-23-775817	54	brglez@bn19-34-Linux-3.10.0-229.4.2.el7.x86_64	B.ogr	B.ogrT	-8	-8	1	0	3600	12.6	100413	3793	0	7950	010000000000010000001000000010010000000000001000100001
10,55-24-252183	54	brglez@bn19-34-Linux-3.10.0-229.4.2.el7.x86_64	B.ogr	B.ogrT	-8	-8	1	0	3600	9.77	76753	2899	0	7855	010000000000010000001000000010010000000000001000100001
10,55-25-594027	54	brglez@bn19-34-Linux-3.10.0-229.4.2.el7.x86_64	B.ogr	B.ogrT	-8	-8	1	0	3600	9.16	71364	2695	0	7794	010000000000010000001000000010010000000000001000100001
10,55-26-997677	54	brglez@bn19-34-Linux-3.10.0-229.4.2.el7.x86_64	B.ogr	B.ogrT	-8	-8	1	0	3600	32.4	254466	9615	0	7857	100001000100000000000010010000000100000010000000000010
10,55-27-225861	54	brglez@bn19-34-Linux-3.10.0-229.4.2.el7.x86_64	B.ogr	B.ogrT	-8	-8	1	0	3600	26.2	207378	7835	0	7908	100001000100000000000010010000000100000010000000000010
10,55-28-256367	54	brglez@bn19-34-Linux-3.10.0-229.4.2.el7.x86_64	B.ogr	B.ogrT	-8	-8	1	0	3600	32.4	254809	9627	0	7869	100001000100000000000010010000000100000010000000000010
10,55-29-948132	54	brglez@bn19-34-Linux-3.10.0-229.4.2.el7.x86_64	B.ogr	B.ogrT	-8	-8	1	0	3600	0.398	3172	119	0	7968	100001000100000000000010010000000100000010000000000010
10,55-30-186147	54	brglez@bn19-34-Linux-3.10.0-229.4.2.el7.x86_64	B.ogr	B.ogrT	-8	-8	1	0	3600	16.5	130160	4917	0	7907	010000000000010000001000000010010000000000001000100001
10,55-31-364649	54	brglez@bn19-34-Linux-3.10.0-229.4.2.el7.x86_64	B.ogr	B.ogrT	-8	-8	1	0	3600	16.4	128200	4843	0	7818	010000000000010000001000000010010000000000001000100001
10,55-32-122908	54	brglez@bn19-34-Linux-3.10.0-229.4.2.el7.x86_64	B.ogr	B.ogrT	-8	-8	1	0	3600	21.6	170216	6431	0	7894	010000000000010000001000000010010000000000001000100001
10,55-33-46465	54	brglez@bn19-34-Linux-3.10.0-229.4.2.el7.x86_64	B.ogr	B.ogrT	-8	-8	1	0	3600	10.4	80310	3033	0	7750	100001000100000000000010010000000100000010000000000010
10,55-34-903326	54	brglez@bn19-34-Linux-3.10.0-229.4.2.el7.x86_64	B.ogr	B.ogrT	-8	-8	1	0	3600	4.37	34823	1315	0	7973	010000000000010000001000000010010000000000001000100001
10,55-35-504012	54	brglez@bn19-34-Linux-3.10.0-229.4.2.el7.x86_64	B.ogr	B.ogrT	-8	-8	1	0	3600	1.07	8522	321	0	7983	010000000000010000001000000010010000000000001000100001
10,55-36-623677	54	brglez@bn19-34-Linux-3.10.0-229.4.2.el7.x86_64	B.ogr	B.ogrT	-8	-8	1	0	3600	22.1	174586	6595	0	7917	100001000100000000000010010000000100000010000000000010
10,55-37-93095	54	brglez@bn19-34-Linux-3.10.0-229.4.2.el7.x86_64	B.ogr	B.ogrT	-8	-8	1	0	3600	11.3	89516	3381	0	7894	010000000000010000001000000010010000000000001000100001
10,55-38-510387	54	brglez@bn19-34-Linux-3.10.0-229.4.2.el7.x86_64	B.ogr	B.ogrT	-8	-8	1	0	3600	65.7	517353	19557	0	7875	100001000100000000000010010000000100000010000000000010
10,55-39-177077	54	brglez@bn19-34-Linux-3.10.0-229.4.2.el7.x86_64	B.ogr	B.ogrT	-8	-8	1	0	3600	14.9	117817	4451	0	7889	010000000000010000001000000010010000000000001000100001
10,55-40-316911	54	brglez@bn19-34-Linux-3.10.0-229.4.2.el7.x86_64	B.ogr	B.ogrT	-8	-8	1	0	3600	22.1	174474	6591	0	7900	100001000100000000000010010000000100000010000000000010
10,55-41-771978	54	brglez@bn19-34-Linux-3.10.0-229.4.2.el7.x86_64	B.ogr	B.ogrT	-8	-8	1	0	3600	19.9	157994	5969	0	7937	010000000000010000001000000010010000000000001000100001
10,55-42-278615	54	brglez@bn19-34-Linux-3.10.0-229.4.2.el7.x86_64	B.ogr	B.ogrT	-8	-8	1	0	3600	1.01	7935	299	0	7849	010000000000010000001000000010010000000000001000100001
10,55-43-400843	54	brglez@bn19-34-Linux-3.10.0-229.4.2.el7.x86_64	B.ogr	B.ogrT	-8	-8	1	0	3600	10.4	82042	3099	0	7868	100001000100000000000010010000000100000010000000000010
10,55-44-1612	54	brglez@bn19-34-Linux-3.10.0-229.4.2.el7.x86_64	B.ogr	B.ogrT	-8	-8	1	0	3600	0.155	1214	45	0	7827	010000000000010000001000000010010000000000001000100001
10,55-45-38914	54	brglez@bn19-34-Linux-3.10.0-229.4.2.el7.x86_64	B.ogr	B.ogrT	-8	-8	1	0	3600	79.6	625575	23651	0	7859	010000000000010000001000000010010000000000001000100001
10,55-46-661487	54	brglez@bn19-34-Linux-3.10.0-229.4.2.el7.x86_64	B.ogr	B.ogrT	-8	-8	1	0	3600	51.1	401515	15175	0	7859	100001000100000000000010010000000100000010000000000010
10,55-47-536865	54	brglez@bn19-34-Linux-3.10.0-229.4.2.el7.x86_64	B.ogr	B.ogrT	-8	-8	1	0	3600	26.2	205267	7755	0	7841	100001000100000000000010010000000100000010000000000010
10,55-48-34631	54	brglez@bn19-34-Linux-3.10.0-229.4.2.el7.x86_64	B.ogr	B.ogrT	-8	-8	1	0	3600	1.25	9898	373	0	7931	010000000000010000001000000010010000000000001000100001
10,55-49-285141	54	brglez@bn19-34-Linux-3.10.0-229.4.2.el7.x86_64	B.ogr	B.ogrT	-8	-8	1	0	3600	41.1	320148	12099	0	7790	010000000000010000001000000010010000000000001000100001
10,55-50-816448	54	brglez@bn19-34-Linux-3.10.0-229.4.2.el7.x86_64	B.ogr	B.ogrT	-8	-8	1	0	3600	28.6	223718	8453	0	7834	010000000000010000001000000010010000000000001000100001
10,55-51-764053	54	brglez@bn19-34-Linux-3.10.0-229.4.2.el7.x86_64	B.ogr	B.ogrT	-8	-8	1	0	3600	48.0	378692	14313	0	7890	100001000100000000000010010000000100000010000000000010
10,55-52-841644	54	brglez@bn19-34-Linux-3.10.0-229.4.2.el7.x86_64	B.ogr	B.ogrT	-8	-8	1	0	3600	73.8	579100	21891	0	7849	100001000100000000000010010000000100000010000000000010
10,55-53-990163	54	brglez@bn19-34-Linux-3.10.0-229.4.2.el7.x86_64	B.ogr	B.ogrT	-8	-8	1	0	3600	0.939	7458	281	0	7946	100001000100000000000010010000000100000010000000000010
10,55-54-850921	54	brglez@bn19-34-Linux-3.10.0-229.4.2.el7.x86_64	B.ogr	B.ogrT	-8	-8	1	0	3600	6.84	54161	2045	0	7920	010000000000010000001000000010010000000000001000100001
10,55-55-266224	54	brglez@bn19-34-Linux-3.10.0-229.4.2.el7.x86_64	B.ogr	B.ogrT	-8	-8	1	0	3600	19.9	157513	5951	0	7931	100001000100000000000010010000000100000010000000000010
10,55-56-516110	54	brglez@bn19-34-Linux-3.10.0-229.4.2.el7.x86_64	B.ogr	B.ogrT	-8	-8	1	0	3600	37.5	293320	11083	0	7831	100001000100000000000010010000000100000010000000000010
10,55-57-967838	54	brglez@bn19-34-Linux-3.10.0-229.4.2.el7.x86_64	B.ogr	B.ogrT	-8	-8	1	0	3600	10.8	84293	3183	0	7834	010000000000010000001000000010010000000000001000100001
10,55-58-269800	54	brglez@bn19-34-Linux-3.10.0-229.4.2.el7.x86_64	B.ogr	B.ogrT	-8	-8	1	0	3600	33.7	264254	9985	0	7839	010000000000010000001000000010010000000000001000100001
10,55-59-895241	54	brglez@bn19-34-Linux-3.10.0-229.4.2.el7.x86_64	B.ogr	B.ogrT	-8	-8	1	0	3600	89.1	697795	26383	0	7834	100001000100000000000010010000000100000010000000000010
10,55-60-20995	54	brglez@bn19-34-Linux-3.10.0-229.4.2.el7.x86_64	B.ogr	B.ogrT	-8	-8	1	0	3600	31.1	245425	9273	0	7890	010000000000010000001000000010010000000000001000100001
10,55-61-635862	54	brglez@bn19-34-Linux-3.10.0-229.4.2.el7.x86_64	B.ogr	B.ogrT	-8	-8	1	0	3600	67.3	529089	20001	0	7859	010000000000010000001000000010010000000000001000100001
10,55-62-881044	54	brglez@bn19-34-Linux-3.10.0-229.4.2.el7.x86_64	B.ogr	B.ogrT	-8	-8	1	0	3600	21.4	164761	6225	0	7691	100001000100000000000010010000000100000010000000000010
10,55-63-579016	54	brglez@bn19-34-Linux-3.10.0-229.4.2.el7.x86_64	B.ogr	B.ogrT	-8	-8	1	0	3600	42.5	333665	12609	0	7853	010000000000010000001000000010010000000000001000100001
10,55-64-483939	54	brglez@bn19-34-Linux-3.10.0-229.4.2.el7.x86_64	B.ogr	B.ogrT	-8	-8	1	0	3600	26.1	206322	7795	0	7914	100001000100000000000010010000000100000010000000000010
10,55-65-265656	54	brglez@bn19-34-Linux-3.10.0-229.4.2.el7.x86_64	B.ogr	B.ogrT	-8	-8	1	0	3600	16.3	128467	4853	0	7887	010000000000010000001000000010010000000000001000100001
10,55-66-802646	54	brglez@bn19-34-Linux-3.10.0-229.4.2.el7.x86_64	B.ogr	B.ogrT	-8	-8	1	0	3600	42.4	334268	12633	0	7884	010000000000010000001000000010010000000000001000100001
10,55-67-279501	54	brglez@bn19-34-Linux-3.10.0-229.4.2.el7.x86_64	B.ogr	B.ogrT	-8	-8	1	0	3600	3.01	23977	905	0	7970	100001000100000000000010010000000100000010000000000010
10,55-68-943323	54	brglez@bn19-34-Linux-3.10.0-229.4.2.el7.x86_64	B.ogr	B.ogrT	-8	-8	1	0	3600	184.	1441188	54539	0	7852	100001000100000000000010010000000100000010000000000010
10,55-69-620924	54	brglez@bn19-34-Linux-3.10.0-229.4.2.el7.x86_64	B.ogr	B.ogrT	-8	-8	1	0	3600	16.3	129685	4899	0	7955	010000000000010000001000000010010000000000001000100001
10,55-70-969565	54	brglez@bn19-34-Linux-3.10.0-229.4.2.el7.x86_64	B.ogr	B.ogrT	-8	-8	1	0	3600	11.6	91016	3437	0	7834	010000000000010000001000000010010000000000001000100001
10,55-71-435561	54	brglez@bn19-34-Linux-3.10.0-229.4.2.el7.x86_64	B.ogr	B.ogrT	-8	-8	1	0	3600	1.58	12655	477	0	7987	010000000000010000001000000010010000000000001000100001
10,55-72-730541	54	brglez@bn19-34-Linux-3.10.0-229.4.2.el7.x86_64	B.ogr	B.ogrT	-8	-8	1	0	3600	13.0	102135	3857	0	7852	010000000000010000001000000010010000000000001000100001
10,55-73-747287	54	brglez@bn19-34-Linux-3.10.0-229.4.2.el7.x86_64	B.ogr	B.ogrT	-8	-8	1	0	3600	39.6	310699	11743	0	7844	010000000000010000001000000010010000000000001000100001
10,55-74-479088	54	brglez@bn19-34-Linux-3.10.0-229.4.2.el7.x86_64	B.ogr	B.ogrT	-8	-8	1	0	3600	5.25	41610	1571	0	7931	100001000100000000000010010000000100000010000000000010
10,55-75-175845	54	brglez@bn19-34-Linux-3.10.0-229.4.2.el7.x86_64	B.ogr	B.ogrT	-8	-8	1	0	3600	25.1	196450	7421	0	7828	100001000100000000000010010000000100000010000000000010
10,55-76-262356	54	brglez@bn19-34-Linux-3.10.0-229.4.2.el7.x86_64	B.ogr	B.ogrT	-8	-8	1	0	3600	20.1	158904	6003	0	7917	100001000100000000000010010000000100000010000000000010
10,55-77-727946	54	brglez@bn19-34-Linux-3.10.0-229.4.2.el7.x86_64	B.ogr	B.ogrT	-8	-8	1	0	3600	14.2	110854	4187	0	7819	010000000000010000001000000010010000000000001000100001
10,55-78-406727	54	brglez@bn19-34-Linux-3.10.0-229.4.2.el7.x86_64	B.ogr	B.ogrT	-8	-8	1	0	3600	34.8	274287	10365	0	7881	100001000100000000000010010000000100000010000000000010
10,55-79-969958	54	brglez@bn19-34-Linux-3.10.0-229.4.2.el7.x86_64	B.ogr	B.ogrT	-8	-8	1	0	3600	19.5	154009	5817	0	7899	100001000100000000000010010000000100000010000000000010
10,55-80-129911	54	brglez@bn19-34-Linux-3.10.0-229.4.2.el7.x86_64	B.ogr	B.ogrT	-8	-8	1	0	3600	44.5	349237	13199	0	7854	100001000100000000000010010000000100000010000000000010
10,55-81-205595	54	brglez@bn19-34-Linux-3.10.0-229.4.2.el7.x86_64	B.ogr	B.ogrT	-8	-8	1	0	3600	89.7	704791	26649	0	7859	100001000100000000000010010000000100000010000000000010
10,55-82-511553	54	brglez@bn19-34-Linux-3.10.0-229.4.2.el7.x86_64	B.ogr	B.ogrT	-8	-8	1	0	3600	130.	1020248	38591	0	7851	100001000100000000000010010000000100000010000000000010
10,55-83-550138	54	brglez@bn19-34-Linux-3.10.0-229.4.2.el7.x86_64	B.ogr	B.ogrT	-8	-8	1	0	3600	24.1	190506	7197	0	7893	010000000000010000001000000010010000000000001000100001
10,55-84-935693	54	brglez@bn19-34-Linux-3.10.0-229.4.2.el7.x86_64	B.ogr	B.ogrT	-8	-8	1	0	3600	26.9	210849	7967	0	7836	100001000100000000000010010000000100000010000000000010
10,55-85-987601	54	brglez@bn19-34-Linux-3.10.0-229.4.2.el7.x86_64	B.ogr	B.ogrT	-8	-8	1	0	3600	70.9	557679	21081	0	7865	010000000000010000001000000010010000000000001000100001
10,55-86-851107	54	brglez@bn19-34-Linux-3.10.0-229.4.2.el7.x86_64	B.ogr	B.ogrT	-8	-8	1	0	3600	88.9	699263	26439	0	7867	010000000000010000001000000010010000000000001000100001
10,55-87-732253	54	brglez@bn19-34-Linux-3.10.0-229.4.2.el7.x86_64	B.ogr	B.ogrT	-8	-8	1	0	3600	55.5	438643	16577	0	7899	010000000000010000001000000010010000000000001000100001
10,55-88-939981	54	brglez@bn19-34-Linux-3.10.0-229.4.2.el7.x86_64	B.ogr	B.ogrT	-8	-8	1	0	3600	5.54	44047	1663	0	7947	100001000100000000000010010000000100000010000000000010
10,55-89-21636	54	brglez@bn19-34-Linux-3.10.0-229.4.2.el7.x86_64	B.ogr	B.ogrT	-8	-8	1	0	3600	102.	802243	30341	0	7845	100001000100000000000010010000000100000010000000000010
10,55-90-951584	54	brglez@bn19-34-Linux-3.10.0-229.4.2.el7.x86_64	B.ogr	B.ogrT	-8	-8	1	0	3600	39.3	309540	11697	0	7881	010000000000010000001000000010010000000000001000100001
10,55-91-254592	54	brglez@bn19-34-Linux-3.10.0-229.4.2.el7.x86_64	B.ogr	B.ogrT	-8	-8	1	0	3600	16.4	130318	4923	0	7950	100001000100000000000010010000000100000010000000000010
10,55-92-468558	54	brglez@bn19-34-Linux-3.10.0-229.4.2.el7.x86_64	B.ogr	B.ogrT	-8	-8	1	0	3600	5.82	46276	1747	0	7945	100001000100000000000010010000000100000010000000000010
10,55-93-82936	54	brglez@bn19-34-Linux-3.10.0-229.4.2.el7.x86_64	B.ogr	B.ogrT	-8	-8	1	0	3600	72.5	570742	21577	0	7876	010000000000010000001000000010010000000000001000100001
10,55-94-217997	54	brglez@bn19-34-Linux-3.10.0-229.4.2.el7.x86_64	B.ogr	B.ogrT	-8	-8	1	0	3600	28.0	222045	8389	0	7936	010000000000010000001000000010010000000000001000100001
10,55-95-843201	54	brglez@bn19-34-Linux-3.10.0-229.4.2.el7.x86_64	B.ogr	B.ogrT	-8	-8	1	0	3600	8.10	64156	2423	0	7923	010000000000010000001000000010010000000000001000100001
10,55-96-794500	54	brglez@bn19-34-Linux-3.10.0-229.4.2.el7.x86_64	B.ogr	B.ogrT	-8	-8	1	0	3600	67.7	529107	20001	0	7812	010000000000010000001000000010010000000000001000100001
10,55-97-772679	54	brglez@bn19-34-Linux-3.10.0-229.4.2.el7.x86_64	B.ogr	B.ogrT	-8	-8	1	0	3600	1.37	11004	415	0	8003	010000000000010000001000000010010000000000001000100001
10,55-98-486604	54	brglez@bn19-34-Linux-3.10.0-229.4.2.el7.x86_64	B.ogr	B.ogrT	-8	-8	1	0	3600	32.2	249853	9441	0	7769	100001000100000000000010010000000100000010000000000010
10,55-99-813861	54	brglez@bn19-34-Linux-3.10.0-229.4.2.el7.x86_64	B.ogr	B.ogrT	-8	-8	1	0	3600	31.8	250811	9477	0	7879	100001000100000000000010010000000100000010000000000010
10,55-100-475795	54	brglez@bn19-34-Linux-3.10.0-229.4.2.el7.x86_64	B.ogr	B.ogrT	-8	-8	1	0	3600	24.6	193762	7321	0	7873	010000000000010000001000000010010000000000001000100001
