# thisFile = xPeriment-B.ogrT-100-MS/xPer-B.ogrT-MS-6,17-100-1901-sample.txt 
# configuration file = xPeriment-B.ogrT-100-MS.tcl 
# created on Mon Aug 31 02:49:14 EDT 2015 
#
instanceID	instanceDim	hostID	sandboxID	solverName	valueTarget	valueBest	targetReached	isCensored	runtimeLmt	runtime	cntProbe	walkLength	cntRestart	speedProbe	coordBest
6,17-1-1901	16	brglez@bn19-34-Linux-3.10.0-229.4.2.el7.x86_64	B.ogr	B.ogrT	-4	-4	1	0	3600	0.00200	29	3	0	14057	1001000001000010
6,17-2-53335	16	brglez@bn19-34-Linux-3.10.0-229.4.2.el7.x86_64	B.ogr	B.ogrT	-4	-4	1	0	3600	0.00500	74	9	0	16357	0010100010000001
6,17-3-567930	16	brglez@bn19-34-Linux-3.10.0-229.4.2.el7.x86_64	B.ogr	B.ogrT	-4	-4	1	0	3600	0.00500	89	11	0	16726	1000000100010100
6,17-4-256020	16	brglez@bn19-34-Linux-3.10.0-229.4.2.el7.x86_64	B.ogr	B.ogrT	-4	-4	1	0	3600	0.00700	119	15	0	16968	1000000100101000
6,17-5-304520	16	brglez@bn19-34-Linux-3.10.0-229.4.2.el7.x86_64	B.ogr	B.ogrT	-4	-4	1	0	3600	0.00400	59	7	0	15826	1000000100010100
6,17-6-887245	16	brglez@bn19-34-Linux-3.10.0-229.4.2.el7.x86_64	B.ogr	B.ogrT	-4	-4	1	0	3600	0.00900	149	19	0	17307	1001000001000010
6,17-7-244841	16	brglez@bn19-34-Linux-3.10.0-229.4.2.el7.x86_64	B.ogr	B.ogrT	-4	-4	1	0	3600	0.0110	194	25	0	16965	1001000001000010
6,17-8-843586	16	brglez@bn19-34-Linux-3.10.0-229.4.2.el7.x86_64	B.ogr	B.ogrT	-4	-4	1	0	3600	0.0140	238	31	0	17337	0001010010000001
6,17-9-436548	16	brglez@bn19-34-Linux-3.10.0-229.4.2.el7.x86_64	B.ogr	B.ogrT	-4	-4	1	0	3600	0.00900	149	19	0	16863	0001010010000001
6,17-10-558338	16	brglez@bn19-34-Linux-3.10.0-229.4.2.el7.x86_64	B.ogr	B.ogrT	-4	-4	1	0	3600	0.00900	164	21	0	17426	1001000001000010
6,17-11-545556	16	brglez@bn19-34-Linux-3.10.0-229.4.2.el7.x86_64	B.ogr	B.ogrT	-4	-4	1	0	3600	0.0110	179	23	0	15830	1001000001010000
6,17-12-229548	16	brglez@bn19-34-Linux-3.10.0-229.4.2.el7.x86_64	B.ogr	B.ogrT	-4	-4	1	0	3600	0.0110	194	25	0	17531	1001000001010000
6,17-13-236192	16	brglez@bn19-34-Linux-3.10.0-229.4.2.el7.x86_64	B.ogr	B.ogrT	-4	-4	1	0	3600	0.00400	59	7	0	15696	0100001000001001
6,17-14-173257	16	brglez@bn19-34-Linux-3.10.0-229.4.2.el7.x86_64	B.ogr	B.ogrT	-4	-4	1	0	3600	0.00200	29	3	0	14064	1000000100101000
6,17-15-842560	16	brglez@bn19-34-Linux-3.10.0-229.4.2.el7.x86_64	B.ogr	B.ogrT	-4	-4	1	0	3600	0.00200	29	3	0	13770	0001010010000001
6,17-16-478777	16	brglez@bn19-34-Linux-3.10.0-229.4.2.el7.x86_64	B.ogr	B.ogrT	-4	-4	1	0	3600	0.00700	119	15	0	17100	1001000001010000
6,17-17-267593	16	brglez@bn19-34-Linux-3.10.0-229.4.2.el7.x86_64	B.ogr	B.ogrT	-4	-4	1	0	3600	0.0170	297	39	0	17681	0100001000001001
6,17-18-591342	16	brglez@bn19-34-Linux-3.10.0-229.4.2.el7.x86_64	B.ogr	B.ogrT	-4	-4	1	0	3600	0.00800	134	17	0	17202	0001010010000001
6,17-19-818716	16	brglez@bn19-34-Linux-3.10.0-229.4.2.el7.x86_64	B.ogr	B.ogrT	-4	-4	1	0	3600	0.00600	104	13	0	16492	0010100010000001
6,17-20-91757	16	brglez@bn19-34-Linux-3.10.0-229.4.2.el7.x86_64	B.ogr	B.ogrT	-4	-4	1	0	3600	0.00500	89	11	0	16654	0100001000001001
6,17-21-512826	16	brglez@bn19-34-Linux-3.10.0-229.4.2.el7.x86_64	B.ogr	B.ogrT	-4	-4	1	0	3600	0.00500	89	11	0	16689	0010100010000001
6,17-22-997742	16	brglez@bn19-34-Linux-3.10.0-229.4.2.el7.x86_64	B.ogr	B.ogrT	-4	-4	1	0	3600	0.00200	29	3	0	13929	0000101000001001
6,17-23-775817	16	brglez@bn19-34-Linux-3.10.0-229.4.2.el7.x86_64	B.ogr	B.ogrT	-4	-4	1	0	3600	0.00200	29	3	0	13996	0100001000001001
6,17-24-252183	16	brglez@bn19-34-Linux-3.10.0-229.4.2.el7.x86_64	B.ogr	B.ogrT	-4	-4	1	0	3600	0.00400	74	9	0	16507	1000000100010100
6,17-25-594027	16	brglez@bn19-34-Linux-3.10.0-229.4.2.el7.x86_64	B.ogr	B.ogrT	-4	-4	1	0	3600	0.0130	223	29	0	17559	0010100010000001
6,17-26-997677	16	brglez@bn19-34-Linux-3.10.0-229.4.2.el7.x86_64	B.ogr	B.ogrT	-4	-4	1	0	3600	0.00200	29	3	0	14071	1000000100101000
6,17-27-225861	16	brglez@bn19-34-Linux-3.10.0-229.4.2.el7.x86_64	B.ogr	B.ogrT	-4	-4	1	0	3600	0.00800	134	17	0	17157	0010100010000001
6,17-28-256367	16	brglez@bn19-34-Linux-3.10.0-229.4.2.el7.x86_64	B.ogr	B.ogrT	-4	-4	1	0	3600	0.00500	74	9	0	15866	0010100010000001
6,17-29-948132	16	brglez@bn19-34-Linux-3.10.0-229.4.2.el7.x86_64	B.ogr	B.ogrT	-4	-4	1	0	3600	0.0100	178	23	0	17568	1001000001000010
6,17-30-186147	16	brglez@bn19-34-Linux-3.10.0-229.4.2.el7.x86_64	B.ogr	B.ogrT	-4	-4	1	0	3600	0.00800	132	17	0	17183	1000000100101000
6,17-31-364649	16	brglez@bn19-34-Linux-3.10.0-229.4.2.el7.x86_64	B.ogr	B.ogrT	-4	-4	1	0	3600	0.00300	44	5	0	15146	0001010010000001
6,17-32-122908	16	brglez@bn19-34-Linux-3.10.0-229.4.2.el7.x86_64	B.ogr	B.ogrT	-4	-4	1	0	3600	0.00300	44	5	0	15043	0100001000001001
6,17-33-46465	16	brglez@bn19-34-Linux-3.10.0-229.4.2.el7.x86_64	B.ogr	B.ogrT	-4	-4	1	0	3600	0.00900	149	19	0	17423	0001010010000001
6,17-34-903326	16	brglez@bn19-34-Linux-3.10.0-229.4.2.el7.x86_64	B.ogr	B.ogrT	-4	-4	1	0	3600	0.00900	163	21	0	17559	1000000100010100
6,17-35-504012	16	brglez@bn19-34-Linux-3.10.0-229.4.2.el7.x86_64	B.ogr	B.ogrT	-4	-4	1	0	3600	0.00500	74	9	0	15846	0100001000001001
6,17-36-623677	16	brglez@bn19-34-Linux-3.10.0-229.4.2.el7.x86_64	B.ogr	B.ogrT	-4	-4	1	0	3600	0.00800	134	17	0	17224	1000000100010100
6,17-37-93095	16	brglez@bn19-34-Linux-3.10.0-229.4.2.el7.x86_64	B.ogr	B.ogrT	-4	-4	1	0	3600	0.00200	29	3	0	13889	1001000001010000
6,17-38-510387	16	brglez@bn19-34-Linux-3.10.0-229.4.2.el7.x86_64	B.ogr	B.ogrT	-4	-4	1	0	3600	0.00500	74	9	0	16383	1000000100010100
6,17-39-177077	16	brglez@bn19-34-Linux-3.10.0-229.4.2.el7.x86_64	B.ogr	B.ogrT	-4	-4	1	0	3600	0.0180	313	41	0	17387	1000000100010100
6,17-40-316911	16	brglez@bn19-34-Linux-3.10.0-229.4.2.el7.x86_64	B.ogr	B.ogrT	-4	-4	1	0	3600	0.0170	284	37	0	16650	1001000001000010
6,17-41-771978	16	brglez@bn19-34-Linux-3.10.0-229.4.2.el7.x86_64	B.ogr	B.ogrT	-4	-4	1	0	3600	0.00600	104	13	0	16988	0001010010000001
6,17-42-278615	16	brglez@bn19-34-Linux-3.10.0-229.4.2.el7.x86_64	B.ogr	B.ogrT	-4	-4	1	0	3600	0.00800	134	17	0	16704	0010100010000001
6,17-43-400843	16	brglez@bn19-34-Linux-3.10.0-229.4.2.el7.x86_64	B.ogr	B.ogrT	-4	-4	1	0	3600	0.00600	104	13	0	16815	1001000001010000
6,17-44-1612	16	brglez@bn19-34-Linux-3.10.0-229.4.2.el7.x86_64	B.ogr	B.ogrT	-4	-4	1	0	3600	0.00400	59	7	0	15646	0001010010000001
6,17-45-38914	16	brglez@bn19-34-Linux-3.10.0-229.4.2.el7.x86_64	B.ogr	B.ogrT	-4	-4	1	0	3600	0.00500	89	11	0	16592	0100001000001001
6,17-46-661487	16	brglez@bn19-34-Linux-3.10.0-229.4.2.el7.x86_64	B.ogr	B.ogrT	-4	-4	1	0	3600	0.00500	89	11	0	16717	0100001000001001
6,17-47-536865	16	brglez@bn19-34-Linux-3.10.0-229.4.2.el7.x86_64	B.ogr	B.ogrT	-4	-4	1	0	3600	0.00500	74	9	0	15819	0010100010000001
6,17-48-34631	16	brglez@bn19-34-Linux-3.10.0-229.4.2.el7.x86_64	B.ogr	B.ogrT	-4	-4	1	0	3600	0.00300	44	5	0	14667	0000101000001001
6,17-49-285141	16	brglez@bn19-34-Linux-3.10.0-229.4.2.el7.x86_64	B.ogr	B.ogrT	-4	-4	1	0	3600	0.00400	59	7	0	15001	0000101000001001
6,17-50-816448	16	brglez@bn19-34-Linux-3.10.0-229.4.2.el7.x86_64	B.ogr	B.ogrT	-4	-4	1	0	3600	0.00300	44	5	0	15209	0000101000001001
6,17-51-764053	16	brglez@bn19-34-Linux-3.10.0-229.4.2.el7.x86_64	B.ogr	B.ogrT	-4	-4	1	0	3600	0.00600	104	13	0	16731	1000000100010100
6,17-52-841644	16	brglez@bn19-34-Linux-3.10.0-229.4.2.el7.x86_64	B.ogr	B.ogrT	-4	-4	1	0	3600	0.00200	29	3	0	13673	1000000100010100
6,17-53-990163	16	brglez@bn19-34-Linux-3.10.0-229.4.2.el7.x86_64	B.ogr	B.ogrT	-4	-4	1	0	3600	0.00200	29	3	0	14078	1000000100101000
6,17-54-850921	16	brglez@bn19-34-Linux-3.10.0-229.4.2.el7.x86_64	B.ogr	B.ogrT	-4	-4	1	0	3600	0.00400	59	7	0	15750	1001000001000010
6,17-55-266224	16	brglez@bn19-34-Linux-3.10.0-229.4.2.el7.x86_64	B.ogr	B.ogrT	-4	-4	1	0	3600	0.00400	59	7	0	14571	1000000100010100
6,17-56-516110	16	brglez@bn19-34-Linux-3.10.0-229.4.2.el7.x86_64	B.ogr	B.ogrT	-4	-4	1	0	3600	0.00200	29	3	0	13641	1000000100101000
6,17-57-967838	16	brglez@bn19-34-Linux-3.10.0-229.4.2.el7.x86_64	B.ogr	B.ogrT	-4	-4	1	0	3600	0.00500	74	9	0	16045	0001010010000001
6,17-58-269800	16	brglez@bn19-34-Linux-3.10.0-229.4.2.el7.x86_64	B.ogr	B.ogrT	-4	-4	1	0	3600	0.00400	59	7	0	16007	1000000100010100
6,17-59-895241	16	brglez@bn19-34-Linux-3.10.0-229.4.2.el7.x86_64	B.ogr	B.ogrT	-4	-4	1	0	3600	0.00500	74	9	0	16339	1000000100010100
6,17-60-20995	16	brglez@bn19-34-Linux-3.10.0-229.4.2.el7.x86_64	B.ogr	B.ogrT	-4	-4	1	0	3600	0.00300	44	5	0	15131	0100001000001001
6,17-61-635862	16	brglez@bn19-34-Linux-3.10.0-229.4.2.el7.x86_64	B.ogr	B.ogrT	-4	-4	1	0	3600	0.00400	74	9	0	16510	1000000100101000
6,17-62-881044	16	brglez@bn19-34-Linux-3.10.0-229.4.2.el7.x86_64	B.ogr	B.ogrT	-4	-4	1	0	3600	0.0140	237	31	0	17523	1001000001000010
6,17-63-579016	16	brglez@bn19-34-Linux-3.10.0-229.4.2.el7.x86_64	B.ogr	B.ogrT	-4	-4	1	0	3600	0.00200	29	3	0	13889	0000101000001001
6,17-64-483939	16	brglez@bn19-34-Linux-3.10.0-229.4.2.el7.x86_64	B.ogr	B.ogrT	-4	-4	1	0	3600	0.00800	134	17	0	17228	0100001000001001
6,17-65-265656	16	brglez@bn19-34-Linux-3.10.0-229.4.2.el7.x86_64	B.ogr	B.ogrT	-4	-4	1	0	3600	0.00600	104	13	0	16701	0010100010000001
6,17-66-802646	16	brglez@bn19-34-Linux-3.10.0-229.4.2.el7.x86_64	B.ogr	B.ogrT	-4	-4	1	0	3600	0.00500	74	9	0	16175	0000101000001001
6,17-67-279501	16	brglez@bn19-34-Linux-3.10.0-229.4.2.el7.x86_64	B.ogr	B.ogrT	-4	-4	1	0	3600	0.00200	29	3	0	13395	1001000001010000
6,17-68-943323	16	brglez@bn19-34-Linux-3.10.0-229.4.2.el7.x86_64	B.ogr	B.ogrT	-4	-4	1	0	3600	0.00200	29	3	0	13057	0100001000001001
6,17-69-620924	16	brglez@bn19-34-Linux-3.10.0-229.4.2.el7.x86_64	B.ogr	B.ogrT	-4	-4	1	0	3600	0.0130	236	31	0	17605	1000000100010100
6,17-70-969565	16	brglez@bn19-34-Linux-3.10.0-229.4.2.el7.x86_64	B.ogr	B.ogrT	-4	-4	1	0	3600	0.00500	74	9	0	16375	0001010010000001
6,17-71-435561	16	brglez@bn19-34-Linux-3.10.0-229.4.2.el7.x86_64	B.ogr	B.ogrT	-4	-4	1	0	3600	0.00500	74	9	0	16307	1001000001000010
6,17-72-730541	16	brglez@bn19-34-Linux-3.10.0-229.4.2.el7.x86_64	B.ogr	B.ogrT	-4	-4	1	0	3600	0.00200	29	3	0	12838	1000000100101000
6,17-73-747287	16	brglez@bn19-34-Linux-3.10.0-229.4.2.el7.x86_64	B.ogr	B.ogrT	-4	-4	1	0	3600	0.00500	89	11	0	16745	1000000100010100
6,17-74-479088	16	brglez@bn19-34-Linux-3.10.0-229.4.2.el7.x86_64	B.ogr	B.ogrT	-4	-4	1	0	3600	0.00400	59	7	0	15767	1001000001000010
6,17-75-175845	16	brglez@bn19-34-Linux-3.10.0-229.4.2.el7.x86_64	B.ogr	B.ogrT	-4	-4	1	0	3600	0.00100	14	1	0	13930	0000101000001001
6,17-76-262356	16	brglez@bn19-34-Linux-3.10.0-229.4.2.el7.x86_64	B.ogr	B.ogrT	-4	-4	1	0	3600	0.00300	44	5	0	15146	0001010010000001
6,17-77-727946	16	brglez@bn19-34-Linux-3.10.0-229.4.2.el7.x86_64	B.ogr	B.ogrT	-4	-4	1	0	3600	0.00500	74	9	0	16423	0001010010000001
6,17-78-406727	16	brglez@bn19-34-Linux-3.10.0-229.4.2.el7.x86_64	B.ogr	B.ogrT	-4	-4	1	0	3600	0.00400	74	9	0	16470	1000000100010100
6,17-79-969958	16	brglez@bn19-34-Linux-3.10.0-229.4.2.el7.x86_64	B.ogr	B.ogrT	-4	-4	1	0	3600	0.00300	44	5	0	15193	1001000001000010
6,17-80-129911	16	brglez@bn19-34-Linux-3.10.0-229.4.2.el7.x86_64	B.ogr	B.ogrT	-4	-4	1	0	3600	0.00600	104	13	0	16828	0010100010000001
6,17-81-205595	16	brglez@bn19-34-Linux-3.10.0-229.4.2.el7.x86_64	B.ogr	B.ogrT	-4	-4	1	0	3600	0.0120	204	27	0	17571	1000000100101000
6,17-82-511553	16	brglez@bn19-34-Linux-3.10.0-229.4.2.el7.x86_64	B.ogr	B.ogrT	-4	-4	1	0	3600	0.00400	59	7	0	15592	0100001000001001
6,17-83-550138	16	brglez@bn19-34-Linux-3.10.0-229.4.2.el7.x86_64	B.ogr	B.ogrT	-4	-4	1	0	3600	0.0140	254	33	0	17672	1001000001010000
6,17-84-935693	16	brglez@bn19-34-Linux-3.10.0-229.4.2.el7.x86_64	B.ogr	B.ogrT	-4	-4	1	0	3600	0.00600	104	13	0	16848	0100001000001001
6,17-85-987601	16	brglez@bn19-34-Linux-3.10.0-229.4.2.el7.x86_64	B.ogr	B.ogrT	-4	-4	1	0	3600	0.00100	14	1	0	13834	1000000100010100
6,17-86-851107	16	brglez@bn19-34-Linux-3.10.0-229.4.2.el7.x86_64	B.ogr	B.ogrT	-4	-4	1	0	3600	0.00700	119	15	0	17029	0100001000001001
6,17-87-732253	16	brglez@bn19-34-Linux-3.10.0-229.4.2.el7.x86_64	B.ogr	B.ogrT	-4	-4	1	0	3600	0.00400	74	9	0	16481	0100001000001001
6,17-88-939981	16	brglez@bn19-34-Linux-3.10.0-229.4.2.el7.x86_64	B.ogr	B.ogrT	-4	-4	1	0	3600	0.00200	29	3	0	14016	1000000100010100
6,17-89-21636	16	brglez@bn19-34-Linux-3.10.0-229.4.2.el7.x86_64	B.ogr	B.ogrT	-4	-4	1	0	3600	0.00400	59	7	0	15985	1000000100101000
6,17-90-951584	16	brglez@bn19-34-Linux-3.10.0-229.4.2.el7.x86_64	B.ogr	B.ogrT	-4	-4	1	0	3600	0.00500	74	9	0	16364	0001010010000001
6,17-91-254592	16	brglez@bn19-34-Linux-3.10.0-229.4.2.el7.x86_64	B.ogr	B.ogrT	-4	-4	1	0	3600	0.00200	29	3	0	14064	0000101000001001
6,17-92-468558	16	brglez@bn19-34-Linux-3.10.0-229.4.2.el7.x86_64	B.ogr	B.ogrT	-4	-4	1	0	3600	0.00300	44	5	0	15094	1000000100101000
6,17-93-82936	16	brglez@bn19-34-Linux-3.10.0-229.4.2.el7.x86_64	B.ogr	B.ogrT	-4	-4	1	0	3600	0.00500	73	9	0	16179	0001010010000001
6,17-94-217997	16	brglez@bn19-34-Linux-3.10.0-229.4.2.el7.x86_64	B.ogr	B.ogrT	-4	-4	1	0	3600	0.00900	148	19	0	17408	1000000100010100
6,17-95-843201	16	brglez@bn19-34-Linux-3.10.0-229.4.2.el7.x86_64	B.ogr	B.ogrT	-4	-4	1	0	3600	0.00200	29	3	0	14037	0001010010000001
6,17-96-794500	16	brglez@bn19-34-Linux-3.10.0-229.4.2.el7.x86_64	B.ogr	B.ogrT	-4	-4	1	0	3600	0.00500	89	11	0	16780	0100001000001001
6,17-97-772679	16	brglez@bn19-34-Linux-3.10.0-229.4.2.el7.x86_64	B.ogr	B.ogrT	-4	-4	1	0	3600	0.00400	58	7	0	15969	1000000100010100
6,17-98-486604	16	brglez@bn19-34-Linux-3.10.0-229.4.2.el7.x86_64	B.ogr	B.ogrT	-4	-4	1	0	3600	0.00700	118	15	0	17126	1000000100101000
6,17-99-813861	16	brglez@bn19-34-Linux-3.10.0-229.4.2.el7.x86_64	B.ogr	B.ogrT	-4	-4	1	0	3600	0.00500	89	11	0	16701	1001000001000010
6,17-100-475795	16	brglez@bn19-34-Linux-3.10.0-229.4.2.el7.x86_64	B.ogr	B.ogrT	-4	-4	1	0	3600	0.00500	74	9	0	16063	0100001000001001
