# thisFile = xPeriment-B.ogrT-100-MS/xPer-B.ogrT-MS-5,11-100-1901-sample.txt 
# configuration file = xPeriment-B.ogrT-100-MS.tcl 
# created on Mon Aug 31 02:48:59 EDT 2015 
#
instanceID	instanceDim	hostID	sandboxID	solverName	valueTarget	valueBest	targetReached	isCensored	runtimeLmt	runtime	cntProbe	walkLength	cntRestart	speedProbe	coordBest
5,11-1-1901	10	brglez@bn19-34-Linux-3.10.0-229.4.2.el7.x86_64	B.ogr	B.ogrT	-3	-3	1	0	3600	0.00100	9	1	0	14263	0011000010
5,11-2-53335	10	brglez@bn19-34-Linux-3.10.0-229.4.2.el7.x86_64	B.ogr	B.ogrT	-3	-2	0	1	3600	0.00300	54	11	0	18569	0000010011
5,11-3-567930	10	brglez@bn19-34-Linux-3.10.0-229.4.2.el7.x86_64	B.ogr	B.ogrT	-3	-3	1	0	3600	0.00100	9	1	0	13413	0100001100
5,11-4-256020	10	brglez@bn19-34-Linux-3.10.0-229.4.2.el7.x86_64	B.ogr	B.ogrT	-3	-3	1	0	3600	0.00200	44	9	0	17828	1001000010
5,11-5-304520	10	brglez@bn19-34-Linux-3.10.0-229.4.2.el7.x86_64	B.ogr	B.ogrT	-3	-3	1	0	3600	0.00200	35	7	0	16596	0100001100
5,11-6-887245	10	brglez@bn19-34-Linux-3.10.0-229.4.2.el7.x86_64	B.ogr	B.ogrT	-3	-3	1	0	3600	0.00100	18	3	0	13793	0011000010
5,11-7-244841	10	brglez@bn19-34-Linux-3.10.0-229.4.2.el7.x86_64	B.ogr	B.ogrT	-3	-3	1	0	3600	0.00100	18	3	0	13772	0100001100
5,11-8-843586	10	brglez@bn19-34-Linux-3.10.0-229.4.2.el7.x86_64	B.ogr	B.ogrT	-3	-3	1	0	3600	0.00100	9	1	0	13393	0011000010
5,11-9-436548	10	brglez@bn19-34-Linux-3.10.0-229.4.2.el7.x86_64	B.ogr	B.ogrT	-3	-3	1	0	3600	0.00400	79	17	0	19715	0100001001
5,11-10-558338	10	brglez@bn19-34-Linux-3.10.0-229.4.2.el7.x86_64	B.ogr	B.ogrT	-3	-3	1	0	3600	0.00200	36	7	0	16682	0100001001
5,11-11-545556	10	brglez@bn19-34-Linux-3.10.0-229.4.2.el7.x86_64	B.ogr	B.ogrT	-3	-3	1	0	3600	0.00100	9	1	0	12766	0100001001
5,11-12-229548	10	brglez@bn19-34-Linux-3.10.0-229.4.2.el7.x86_64	B.ogr	B.ogrT	-3	-3	1	0	3600	0.00200	36	7	0	17102	0100001001
5,11-13-236192	10	brglez@bn19-34-Linux-3.10.0-229.4.2.el7.x86_64	B.ogr	B.ogrT	-3	-3	1	0	3600	0.00100	9	1	0	13433	0100001100
5,11-14-173257	10	brglez@bn19-34-Linux-3.10.0-229.4.2.el7.x86_64	B.ogr	B.ogrT	-3	-3	1	0	3600	0.00200	27	5	0	16177	1001000010
5,11-15-842560	10	brglez@bn19-34-Linux-3.10.0-229.4.2.el7.x86_64	B.ogr	B.ogrT	-3	-3	1	0	3600	0.00200	36	7	0	17094	0011000010
5,11-16-478777	10	brglez@bn19-34-Linux-3.10.0-229.4.2.el7.x86_64	B.ogr	B.ogrT	-3	-3	1	0	3600	0.00200	27	5	0	15920	0100001001
5,11-17-267593	10	brglez@bn19-34-Linux-3.10.0-229.4.2.el7.x86_64	B.ogr	B.ogrT	-3	-3	1	0	3600	0.00200	27	5	0	15995	0100001001
5,11-18-591342	10	brglez@bn19-34-Linux-3.10.0-229.4.2.el7.x86_64	B.ogr	B.ogrT	-3	-3	1	0	3600	0.00400	79	17	0	19550	0100001001
5,11-19-818716	10	brglez@bn19-34-Linux-3.10.0-229.4.2.el7.x86_64	B.ogr	B.ogrT	-3	-3	1	0	3600	0.00100	18	3	0	13943	0011000010
5,11-20-91757	10	brglez@bn19-34-Linux-3.10.0-229.4.2.el7.x86_64	B.ogr	B.ogrT	-3	-3	1	0	3600	0.00100	18	3	0	13793	1001000010
5,11-21-512826	10	brglez@bn19-34-Linux-3.10.0-229.4.2.el7.x86_64	B.ogr	B.ogrT	-3	-3	1	0	3600	0.00200	45	9	0	18101	0011000010
5,11-22-997742	10	brglez@bn19-34-Linux-3.10.0-229.4.2.el7.x86_64	B.ogr	B.ogrT	-3	-3	1	0	3600	0.00100	18	3	0	13783	0100001100
5,11-23-775817	10	brglez@bn19-34-Linux-3.10.0-229.4.2.el7.x86_64	B.ogr	B.ogrT	-3	-3	1	0	3600	0.00300	45	9	0	16526	0100001100
5,11-24-252183	10	brglez@bn19-34-Linux-3.10.0-229.4.2.el7.x86_64	B.ogr	B.ogrT	-3	-3	1	0	3600	0.00100	18	3	0	14073	0100001001
5,11-25-594027	10	brglez@bn19-34-Linux-3.10.0-229.4.2.el7.x86_64	B.ogr	B.ogrT	-3	-3	1	0	3600	0.00300	54	11	0	18614	0100001001
5,11-26-997677	10	brglez@bn19-34-Linux-3.10.0-229.4.2.el7.x86_64	B.ogr	B.ogrT	-3	-3	1	0	3600	0.00200	27	5	0	15689	0100001100
5,11-27-225861	10	brglez@bn19-34-Linux-3.10.0-229.4.2.el7.x86_64	B.ogr	B.ogrT	-3	-3	1	0	3600	0.00100	18	3	0	13751	0011000010
5,11-28-256367	10	brglez@bn19-34-Linux-3.10.0-229.4.2.el7.x86_64	B.ogr	B.ogrT	-3	-3	1	0	3600	0.00300	45	9	0	17773	0100001001
5,11-29-948132	10	brglez@bn19-34-Linux-3.10.0-229.4.2.el7.x86_64	B.ogr	B.ogrT	-3	-3	1	0	3600	0.00400	71	15	0	19091	0011000010
5,11-30-186147	10	brglez@bn19-34-Linux-3.10.0-229.4.2.el7.x86_64	B.ogr	B.ogrT	-3	-3	1	0	3600	0.00100	9	1	0	14218	0100001100
5,11-31-364649	10	brglez@bn19-34-Linux-3.10.0-229.4.2.el7.x86_64	B.ogr	B.ogrT	-3	-3	1	0	3600	0.00300	62	13	0	19171	0011000010
5,11-32-122908	10	brglez@bn19-34-Linux-3.10.0-229.4.2.el7.x86_64	B.ogr	B.ogrT	-3	-3	1	0	3600	0.00300	54	11	0	18336	0100001100
5,11-33-46465	10	brglez@bn19-34-Linux-3.10.0-229.4.2.el7.x86_64	B.ogr	B.ogrT	-3	-3	1	0	3600	0.00300	45	9	0	17878	1001000010
5,11-34-903326	10	brglez@bn19-34-Linux-3.10.0-229.4.2.el7.x86_64	B.ogr	B.ogrT	-3	-3	1	0	3600	0.00200	27	5	0	16062	0100001100
5,11-35-504012	10	brglez@bn19-34-Linux-3.10.0-229.4.2.el7.x86_64	B.ogr	B.ogrT	-3	-3	1	0	3600	0.00100	9	1	0	13534	0100001100
5,11-36-623677	10	brglez@bn19-34-Linux-3.10.0-229.4.2.el7.x86_64	B.ogr	B.ogrT	-3	-3	1	0	3600	0.00200	27	5	0	15826	0011000010
5,11-37-93095	10	brglez@bn19-34-Linux-3.10.0-229.4.2.el7.x86_64	B.ogr	B.ogrT	-3	-3	1	0	3600	0.00100	18	3	0	13393	1001000010
5,11-38-510387	10	brglez@bn19-34-Linux-3.10.0-229.4.2.el7.x86_64	B.ogr	B.ogrT	-3	-3	1	0	3600	0.00100	18	3	0	14008	0100001100
5,11-39-177077	10	brglez@bn19-34-Linux-3.10.0-229.4.2.el7.x86_64	B.ogr	B.ogrT	-3	-3	1	0	3600	0.00100	18	3	0	14052	0011000010
5,11-40-316911	10	brglez@bn19-34-Linux-3.10.0-229.4.2.el7.x86_64	B.ogr	B.ogrT	-3	-3	1	0	3600	0.00100	18	3	0	14129	1001000010
5,11-41-771978	10	brglez@bn19-34-Linux-3.10.0-229.4.2.el7.x86_64	B.ogr	B.ogrT	-3	-3	1	0	3600	0.00300	54	11	0	18286	1001000010
5,11-42-278615	10	brglez@bn19-34-Linux-3.10.0-229.4.2.el7.x86_64	B.ogr	B.ogrT	-3	-3	1	0	3600	0.00400	81	17	0	19882	0011000010
5,11-43-400843	10	brglez@bn19-34-Linux-3.10.0-229.4.2.el7.x86_64	B.ogr	B.ogrT	-3	-3	1	0	3600	0.00300	53	11	0	18126	0100001100
5,11-44-1612	10	brglez@bn19-34-Linux-3.10.0-229.4.2.el7.x86_64	B.ogr	B.ogrT	-3	-3	1	0	3600	0.00200	27	5	0	16024	0100001001
5,11-45-38914	10	brglez@bn19-34-Linux-3.10.0-229.4.2.el7.x86_64	B.ogr	B.ogrT	-3	-3	1	0	3600	0.00100	18	3	0	14096	0011000010
5,11-46-661487	10	brglez@bn19-34-Linux-3.10.0-229.4.2.el7.x86_64	B.ogr	B.ogrT	-3	-3	1	0	3600	0.00200	27	5	0	15882	1001000010
5,11-47-536865	10	brglez@bn19-34-Linux-3.10.0-229.4.2.el7.x86_64	B.ogr	B.ogrT	-3	-3	1	0	3600	0.00300	45	9	0	17871	0100001100
5,11-48-34631	10	brglez@bn19-34-Linux-3.10.0-229.4.2.el7.x86_64	B.ogr	B.ogrT	-3	-3	1	0	3600	0.00100	18	3	0	13889	0100001100
5,11-49-285141	10	brglez@bn19-34-Linux-3.10.0-229.4.2.el7.x86_64	B.ogr	B.ogrT	-3	-3	1	0	3600	0.00500	98	21	0	20378	1001000010
5,11-50-816448	10	brglez@bn19-34-Linux-3.10.0-229.4.2.el7.x86_64	B.ogr	B.ogrT	-3	-3	1	0	3600	0.00100	9	1	0	13353	0011000010
5,11-51-764053	10	brglez@bn19-34-Linux-3.10.0-229.4.2.el7.x86_64	B.ogr	B.ogrT	-3	-3	1	0	3600	0.00100	9	1	0	14196	1001000010
5,11-52-841644	10	brglez@bn19-34-Linux-3.10.0-229.4.2.el7.x86_64	B.ogr	B.ogrT	-3	-3	1	0	3600	0.00200	27	5	0	15254	0100001001
5,11-53-990163	10	brglez@bn19-34-Linux-3.10.0-229.4.2.el7.x86_64	B.ogr	B.ogrT	-3	-3	1	0	3600	0.00200	27	5	0	14339	0100001100
5,11-54-850921	10	brglez@bn19-34-Linux-3.10.0-229.4.2.el7.x86_64	B.ogr	B.ogrT	-3	-3	1	0	3600	0.00200	36	7	0	17375	0011000010
5,11-55-266224	10	brglez@bn19-34-Linux-3.10.0-229.4.2.el7.x86_64	B.ogr	B.ogrT	-3	-3	1	0	3600	0.00300	54	11	0	18330	0100001100
5,11-56-516110	10	brglez@bn19-34-Linux-3.10.0-229.4.2.el7.x86_64	B.ogr	B.ogrT	-3	-3	1	0	3600	0.00100	9	1	0	13720	1001000010
5,11-57-967838	10	brglez@bn19-34-Linux-3.10.0-229.4.2.el7.x86_64	B.ogr	B.ogrT	-3	-3	1	0	3600	0.00200	27	5	0	16216	1001000010
5,11-58-269800	10	brglez@bn19-34-Linux-3.10.0-229.4.2.el7.x86_64	B.ogr	B.ogrT	-3	-3	1	0	3600	0.00300	54	11	0	17804	0011000010
5,11-59-895241	10	brglez@bn19-34-Linux-3.10.0-229.4.2.el7.x86_64	B.ogr	B.ogrT	-3	-3	1	0	3600	0.00100	9	1	0	13825	0100001100
5,11-60-20995	10	brglez@bn19-34-Linux-3.10.0-229.4.2.el7.x86_64	B.ogr	B.ogrT	-3	-3	1	0	3600	0.00300	45	9	0	17943	0011000010
5,11-61-635862	10	brglez@bn19-34-Linux-3.10.0-229.4.2.el7.x86_64	B.ogr	B.ogrT	-3	-3	1	0	3600	0.00200	27	5	0	15892	0100001100
5,11-62-881044	10	brglez@bn19-34-Linux-3.10.0-229.4.2.el7.x86_64	B.ogr	B.ogrT	-3	-3	1	0	3600	0.00200	36	7	0	17176	0100001100
5,11-63-579016	10	brglez@bn19-34-Linux-3.10.0-229.4.2.el7.x86_64	B.ogr	B.ogrT	-3	-3	1	0	3600	0.00300	54	11	0	17746	0100001100
5,11-64-483939	10	brglez@bn19-34-Linux-3.10.0-229.4.2.el7.x86_64	B.ogr	B.ogrT	-3	-3	1	0	3600	0.00200	27	5	0	16062	0011000010
5,11-65-265656	10	brglez@bn19-34-Linux-3.10.0-229.4.2.el7.x86_64	B.ogr	B.ogrT	-3	-3	1	0	3600	0.00100	9	1	0	14241	1001000010
5,11-66-802646	10	brglez@bn19-34-Linux-3.10.0-229.4.2.el7.x86_64	B.ogr	B.ogrT	-3	-3	1	0	3600	0.00100	18	3	0	13595	1001000010
5,11-67-279501	10	brglez@bn19-34-Linux-3.10.0-229.4.2.el7.x86_64	B.ogr	B.ogrT	-3	-3	1	0	3600	0.00400	71	15	0	19651	1001000010
5,11-68-943323	10	brglez@bn19-34-Linux-3.10.0-229.4.2.el7.x86_64	B.ogr	B.ogrT	-3	-3	1	0	3600	0.00100	9	1	0	13413	0100001100
5,11-69-620924	10	brglez@bn19-34-Linux-3.10.0-229.4.2.el7.x86_64	B.ogr	B.ogrT	-3	-3	1	0	3600	0.00200	27	5	0	15845	0100001001
5,11-70-969565	10	brglez@bn19-34-Linux-3.10.0-229.4.2.el7.x86_64	B.ogr	B.ogrT	-3	-3	1	0	3600	0.00200	36	7	0	17283	0100001001
5,11-71-435561	10	brglez@bn19-34-Linux-3.10.0-229.4.2.el7.x86_64	B.ogr	B.ogrT	-3	-3	1	0	3600	0.00300	63	13	0	19343	0011000010
5,11-72-730541	10	brglez@bn19-34-Linux-3.10.0-229.4.2.el7.x86_64	B.ogr	B.ogrT	-3	-3	1	0	3600	0.00100	9	1	0	14107	0100001100
5,11-73-747287	10	brglez@bn19-34-Linux-3.10.0-229.4.2.el7.x86_64	B.ogr	B.ogrT	-3	-3	1	0	3600	0.00400	72	15	0	19303	0011000010
5,11-74-479088	10	brglez@bn19-34-Linux-3.10.0-229.4.2.el7.x86_64	B.ogr	B.ogrT	-3	-3	1	0	3600	0.00200	27	5	0	15957	1001000010
5,11-75-175845	10	brglez@bn19-34-Linux-3.10.0-229.4.2.el7.x86_64	B.ogr	B.ogrT	-3	-3	1	0	3600	0.00200	27	5	0	15901	0011000010
5,11-76-262356	10	brglez@bn19-34-Linux-3.10.0-229.4.2.el7.x86_64	B.ogr	B.ogrT	-3	-3	1	0	3600	0.00200	27	5	0	14446	0011000010
5,11-77-727946	10	brglez@bn19-34-Linux-3.10.0-229.4.2.el7.x86_64	B.ogr	B.ogrT	-3	-3	1	0	3600	0.00200	36	7	0	16729	1001000010
5,11-78-406727	10	brglez@bn19-34-Linux-3.10.0-229.4.2.el7.x86_64	B.ogr	B.ogrT	-3	-3	1	0	3600	0.00100	9	1	0	14173	1001000010
5,11-79-969958	10	brglez@bn19-34-Linux-3.10.0-229.4.2.el7.x86_64	B.ogr	B.ogrT	-3	-3	1	0	3600	0.00200	45	9	0	18167	0011000010
5,11-80-129911	10	brglez@bn19-34-Linux-3.10.0-229.4.2.el7.x86_64	B.ogr	B.ogrT	-3	-3	1	0	3600	0.00300	45	9	0	17986	0011000010
5,11-81-205595	10	brglez@bn19-34-Linux-3.10.0-229.4.2.el7.x86_64	B.ogr	B.ogrT	-3	-3	1	0	3600	0.00100	18	3	0	14196	1001000010
5,11-82-511553	10	brglez@bn19-34-Linux-3.10.0-229.4.2.el7.x86_64	B.ogr	B.ogrT	-3	-3	1	0	3600	0.00200	27	5	0	16168	1001000010
5,11-83-550138	10	brglez@bn19-34-Linux-3.10.0-229.4.2.el7.x86_64	B.ogr	B.ogrT	-3	-3	1	0	3600	0.00200	36	7	0	16690	0100001100
5,11-84-935693	10	brglez@bn19-34-Linux-3.10.0-229.4.2.el7.x86_64	B.ogr	B.ogrT	-3	-3	1	0	3600	0.00400	80	17	0	19782	0100001001
5,11-85-987601	10	brglez@bn19-34-Linux-3.10.0-229.4.2.el7.x86_64	B.ogr	B.ogrT	-3	-3	1	0	3600	0.00100	18	3	0	14019	0100001100
5,11-86-851107	10	brglez@bn19-34-Linux-3.10.0-229.4.2.el7.x86_64	B.ogr	B.ogrT	-3	-3	1	0	3600	0.00300	63	13	0	19120	1001000010
5,11-87-732253	10	brglez@bn19-34-Linux-3.10.0-229.4.2.el7.x86_64	B.ogr	B.ogrT	-3	-3	1	0	3600	0.00300	45	9	0	17007	0100001100
5,11-88-939981	10	brglez@bn19-34-Linux-3.10.0-229.4.2.el7.x86_64	B.ogr	B.ogrT	-3	-3	1	0	3600	0.00100	9	1	0	13025	0100001001
5,11-89-21636	10	brglez@bn19-34-Linux-3.10.0-229.4.2.el7.x86_64	B.ogr	B.ogrT	-3	-3	1	0	3600	0.00100	9	1	0	13177	1001000010
5,11-90-951584	10	brglez@bn19-34-Linux-3.10.0-229.4.2.el7.x86_64	B.ogr	B.ogrT	-3	-3	1	0	3600	0.00300	53	11	0	18929	0100001001
5,11-91-254592	10	brglez@bn19-34-Linux-3.10.0-229.4.2.el7.x86_64	B.ogr	B.ogrT	-3	-3	1	0	3600	0.00100	9	1	0	12950	0100001001
5,11-92-468558	10	brglez@bn19-34-Linux-3.10.0-229.4.2.el7.x86_64	B.ogr	B.ogrT	-3	-3	1	0	3600	0.00100	9	1	0	13720	0100001001
5,11-93-82936	10	brglez@bn19-34-Linux-3.10.0-229.4.2.el7.x86_64	B.ogr	B.ogrT	-3	-3	1	0	3600	0.00100	18	3	0	13964	0011000010
5,11-94-217997	10	brglez@bn19-34-Linux-3.10.0-229.4.2.el7.x86_64	B.ogr	B.ogrT	-3	-3	1	0	3600	0.00200	27	5	0	16177	1001000010
5,11-95-843201	10	brglez@bn19-34-Linux-3.10.0-229.4.2.el7.x86_64	B.ogr	B.ogrT	-3	-3	1	0	3600	0.00300	54	11	0	18237	0100001100
5,11-96-794500	10	brglez@bn19-34-Linux-3.10.0-229.4.2.el7.x86_64	B.ogr	B.ogrT	-3	-3	1	0	3600	0.00200	27	5	0	16014	0011000010
5,11-97-772679	10	brglez@bn19-34-Linux-3.10.0-229.4.2.el7.x86_64	B.ogr	B.ogrT	-3	-3	1	0	3600	0.00200	18	3	0	11118	1001000010
5,11-98-486604	10	brglez@bn19-34-Linux-3.10.0-229.4.2.el7.x86_64	B.ogr	B.ogrT	-3	-3	1	0	3600	0.00200	27	5	0	16255	0100001001
5,11-99-813861	10	brglez@bn19-34-Linux-3.10.0-229.4.2.el7.x86_64	B.ogr	B.ogrT	-3	-3	1	0	3600	0.00200	36	7	0	17176	1001000010
5,11-100-475795	10	brglez@bn19-34-Linux-3.10.0-229.4.2.el7.x86_64	B.ogr	B.ogrT	-3	-3	1	0	3600	0.00200	36	7	0	17433	1001000010
