# thisFile = xPeriment-B.ogrT-100-MS/xPer-B.ogrT-MS-8,34-100-1901-sample.txt 
# configuration file = xPeriment-B.ogrT-100-MS.tcl 
# created on Mon Aug 31 02:49:49 EDT 2015 
#
instanceID	instanceDim	hostID	sandboxID	solverName	valueTarget	valueBest	targetReached	isCensored	runtimeLmt	runtime	cntProbe	walkLength	cntRestart	speedProbe	coordBest
8,34-1-1901	33	brglez@bn19-34-Linux-3.10.0-229.4.2.el7.x86_64	B.ogr	B.ogrT	-6	-6	1	0	3600	1.29	15037	943	0	11647	100100001000001000000100000000010
8,34-2-53335	33	brglez@bn19-34-Linux-3.10.0-229.4.2.el7.x86_64	B.ogr	B.ogrT	-6	-6	1	0	3600	0.889	10335	647	0	11632	010000000001000000100000100001001
8,34-3-567930	33	brglez@bn19-34-Linux-3.10.0-229.4.2.el7.x86_64	B.ogr	B.ogrT	-6	-6	1	0	3600	0.0980	1146	71	0	11638	100100001000001000000100000000010
8,34-4-256020	33	brglez@bn19-34-Linux-3.10.0-229.4.2.el7.x86_64	B.ogr	B.ogrT	-6	-6	1	0	3600	2.41	27247	1713	0	11302	010000000001000000100000100001001
8,34-5-304520	33	brglez@bn19-34-Linux-3.10.0-229.4.2.el7.x86_64	B.ogr	B.ogrT	-6	-6	1	0	3600	0.590	6661	417	0	11288	010000000001000000100000100001001
8,34-6-887245	33	brglez@bn19-34-Linux-3.10.0-229.4.2.el7.x86_64	B.ogr	B.ogrT	-6	-6	1	0	3600	0.0870	987	61	0	11356	010000000001000000100000100001001
8,34-7-244841	33	brglez@bn19-34-Linux-3.10.0-229.4.2.el7.x86_64	B.ogr	B.ogrT	-6	-6	1	0	3600	0.750	8448	529	0	11264	100100001000001000000100000000010
8,34-8-843586	33	brglez@bn19-34-Linux-3.10.0-229.4.2.el7.x86_64	B.ogr	B.ogrT	-6	-6	1	0	3600	1.46	16843	1057	0	11571	100100001000001000000100000000010
8,34-9-436548	33	brglez@bn19-34-Linux-3.10.0-229.4.2.el7.x86_64	B.ogr	B.ogrT	-6	-6	1	0	3600	1.55	17997	1129	0	11593	010000000001000000100000100001001
8,34-10-558338	33	brglez@bn19-34-Linux-3.10.0-229.4.2.el7.x86_64	B.ogr	B.ogrT	-6	-6	1	0	3600	0.0990	1145	71	0	11577	100100001000001000000100000000010
8,34-11-545556	33	brglez@bn19-34-Linux-3.10.0-229.4.2.el7.x86_64	B.ogr	B.ogrT	-6	-6	1	0	3600	0.746	8633	541	0	11566	100100001000001000000100000000010
8,34-12-229548	33	brglez@bn19-34-Linux-3.10.0-229.4.2.el7.x86_64	B.ogr	B.ogrT	-6	-6	1	0	3600	1.48	16970	1065	0	11467	010000000001000000100000100001001
8,34-13-236192	33	brglez@bn19-34-Linux-3.10.0-229.4.2.el7.x86_64	B.ogr	B.ogrT	-6	-6	1	0	3600	0.454	5294	331	0	11664	010000000001000000100000100001001
8,34-14-173257	33	brglez@bn19-34-Linux-3.10.0-229.4.2.el7.x86_64	B.ogr	B.ogrT	-6	-6	1	0	3600	0.0660	765	47	0	11544	010000000001000000100000100001001
8,34-15-842560	33	brglez@bn19-34-Linux-3.10.0-229.4.2.el7.x86_64	B.ogr	B.ogrT	-6	-6	1	0	3600	0.883	10234	641	0	11596	100100001000001000000100000000010
8,34-16-478777	33	brglez@bn19-34-Linux-3.10.0-229.4.2.el7.x86_64	B.ogr	B.ogrT	-6	-6	1	0	3600	0.354	4113	257	0	11608	100100001000001000000100000000010
8,34-17-267593	33	brglez@bn19-34-Linux-3.10.0-229.4.2.el7.x86_64	B.ogr	B.ogrT	-6	-6	1	0	3600	0.379	4344	271	0	11450	010000000001000000100000100001001
8,34-18-591342	33	brglez@bn19-34-Linux-3.10.0-229.4.2.el7.x86_64	B.ogr	B.ogrT	-6	-6	1	0	3600	0.302	3508	219	0	11609	010000000001000000100000100001001
8,34-19-818716	33	brglez@bn19-34-Linux-3.10.0-229.4.2.el7.x86_64	B.ogr	B.ogrT	-6	-6	1	0	3600	2.49	28648	1801	0	11507	100100001000001000000100000000010
8,34-20-91757	33	brglez@bn19-34-Linux-3.10.0-229.4.2.el7.x86_64	B.ogr	B.ogrT	-6	-6	1	0	3600	5.00	56889	3587	0	11381	100100001000001000000100000000010
8,34-21-512826	33	brglez@bn19-34-Linux-3.10.0-229.4.2.el7.x86_64	B.ogr	B.ogrT	-6	-6	1	0	3600	0.0140	157	9	0	11283	100100001000001000000100000000010
8,34-22-997742	33	brglez@bn19-34-Linux-3.10.0-229.4.2.el7.x86_64	B.ogr	B.ogrT	-6	-6	1	0	3600	1.01	11678	731	0	11577	100100001000001000000100000000010
8,34-23-775817	33	brglez@bn19-34-Linux-3.10.0-229.4.2.el7.x86_64	B.ogr	B.ogrT	-6	-6	1	0	3600	3.03	34801	2191	0	11490	010000000001000000100000100001001
8,34-24-252183	33	brglez@bn19-34-Linux-3.10.0-229.4.2.el7.x86_64	B.ogr	B.ogrT	-6	-6	1	0	3600	0.713	8230	515	0	11550	100100001000001000000100000000010
8,34-25-594027	33	brglez@bn19-34-Linux-3.10.0-229.4.2.el7.x86_64	B.ogr	B.ogrT	-6	-6	1	0	3600	1.88	21644	1359	0	11540	010000000001000000100000100001001
8,34-26-997677	33	brglez@bn19-34-Linux-3.10.0-229.4.2.el7.x86_64	B.ogr	B.ogrT	-6	-6	1	0	3600	0.384	4470	279	0	11635	010000000001000000100000100001001
8,34-27-225861	33	brglez@bn19-34-Linux-3.10.0-229.4.2.el7.x86_64	B.ogr	B.ogrT	-6	-6	1	0	3600	0.0300	348	21	0	11583	010000000001000000100000100001001
8,34-28-256367	33	brglez@bn19-34-Linux-3.10.0-229.4.2.el7.x86_64	B.ogr	B.ogrT	-6	-6	1	0	3600	0.142	1628	101	0	11500	010000000001000000100000100001001
8,34-29-948132	33	brglez@bn19-34-Linux-3.10.0-229.4.2.el7.x86_64	B.ogr	B.ogrT	-6	-6	1	0	3600	2.41	27594	1733	0	11459	010000000001000000100000100001001
8,34-30-186147	33	brglez@bn19-34-Linux-3.10.0-229.4.2.el7.x86_64	B.ogr	B.ogrT	-6	-6	1	0	3600	0.408	4726	295	0	11597	010000000001000000100000100001001
8,34-31-364649	33	brglez@bn19-34-Linux-3.10.0-229.4.2.el7.x86_64	B.ogr	B.ogrT	-6	-6	1	0	3600	0.157	1821	113	0	11629	100100001000001000000100000000010
8,34-32-122908	33	brglez@bn19-34-Linux-3.10.0-229.4.2.el7.x86_64	B.ogr	B.ogrT	-6	-6	1	0	3600	3.36	38539	2427	0	11462	100100001000001000000100000000010
8,34-33-46465	33	brglez@bn19-34-Linux-3.10.0-229.4.2.el7.x86_64	B.ogr	B.ogrT	-6	-6	1	0	3600	1.51	17533	1101	0	11575	010000000001000000100000100001001
8,34-34-903326	33	brglez@bn19-34-Linux-3.10.0-229.4.2.el7.x86_64	B.ogr	B.ogrT	-6	-6	1	0	3600	1.25	14530	911	0	11600	100100001000001000000100000000010
8,34-35-504012	33	brglez@bn19-34-Linux-3.10.0-229.4.2.el7.x86_64	B.ogr	B.ogrT	-6	-6	1	0	3600	0.558	6287	393	0	11272	010000000001000000100000100001001
8,34-36-623677	33	brglez@bn19-34-Linux-3.10.0-229.4.2.el7.x86_64	B.ogr	B.ogrT	-6	-6	1	0	3600	1.64	18973	1191	0	11561	010000000001000000100000100001001
8,34-37-93095	33	brglez@bn19-34-Linux-3.10.0-229.4.2.el7.x86_64	B.ogr	B.ogrT	-6	-6	1	0	3600	0.452	5235	327	0	11594	010000000001000000100000100001001
8,34-38-510387	33	brglez@bn19-34-Linux-3.10.0-229.4.2.el7.x86_64	B.ogr	B.ogrT	-6	-6	1	0	3600	1.03	11920	747	0	11588	100100001000001000000100000000010
8,34-39-177077	33	brglez@bn19-34-Linux-3.10.0-229.4.2.el7.x86_64	B.ogr	B.ogrT	-6	-6	1	0	3600	1.73	19972	1253	0	11569	010000000001000000100000100001001
8,34-40-316911	33	brglez@bn19-34-Linux-3.10.0-229.4.2.el7.x86_64	B.ogr	B.ogrT	-6	-6	1	0	3600	1.39	16215	1017	0	11647	100100001000001000000100000000010
8,34-41-771978	33	brglez@bn19-34-Linux-3.10.0-229.4.2.el7.x86_64	B.ogr	B.ogrT	-6	-6	1	0	3600	3.17	36543	2297	0	11518	010000000001000000100000100001001
8,34-42-278615	33	brglez@bn19-34-Linux-3.10.0-229.4.2.el7.x86_64	B.ogr	B.ogrT	-6	-6	1	0	3600	1.04	12064	757	0	11650	010000000001000000100000100001001
8,34-43-400843	33	brglez@bn19-34-Linux-3.10.0-229.4.2.el7.x86_64	B.ogr	B.ogrT	-6	-6	1	0	3600	0.126	1402	87	0	11130	010000000001000000100000100001001
8,34-44-1612	33	brglez@bn19-34-Linux-3.10.0-229.4.2.el7.x86_64	B.ogr	B.ogrT	-6	-6	1	0	3600	2.48	28435	1787	0	11454	100100001000001000000100000000010
8,34-45-38914	33	brglez@bn19-34-Linux-3.10.0-229.4.2.el7.x86_64	B.ogr	B.ogrT	-6	-6	1	0	3600	2.12	24019	1509	0	11353	100100001000001000000100000000010
8,34-46-661487	33	brglez@bn19-34-Linux-3.10.0-229.4.2.el7.x86_64	B.ogr	B.ogrT	-6	-6	1	0	3600	0.708	8228	515	0	11628	100100001000001000000100000000010
8,34-47-536865	33	brglez@bn19-34-Linux-3.10.0-229.4.2.el7.x86_64	B.ogr	B.ogrT	-6	-6	1	0	3600	1.71	19807	1243	0	11550	100100001000001000000100000000010
8,34-48-34631	33	brglez@bn19-34-Linux-3.10.0-229.4.2.el7.x86_64	B.ogr	B.ogrT	-6	-6	1	0	3600	2.73	31267	1965	0	11452	010000000001000000100000100001001
8,34-49-285141	33	brglez@bn19-34-Linux-3.10.0-229.4.2.el7.x86_64	B.ogr	B.ogrT	-6	-6	1	0	3600	1.30	14590	915	0	11261	100100001000001000000100000000010
8,34-50-816448	33	brglez@bn19-34-Linux-3.10.0-229.4.2.el7.x86_64	B.ogr	B.ogrT	-6	-6	1	0	3600	0.333	3859	241	0	11589	010000000001000000100000100001001
8,34-51-764053	33	brglez@bn19-34-Linux-3.10.0-229.4.2.el7.x86_64	B.ogr	B.ogrT	-6	-6	1	0	3600	0.399	4629	289	0	11611	100100001000001000000100000000010
8,34-52-841644	33	brglez@bn19-34-Linux-3.10.0-229.4.2.el7.x86_64	B.ogr	B.ogrT	-6	-6	1	0	3600	0.675	7811	489	0	11573	010000000001000000100000100001001
8,34-53-990163	33	brglez@bn19-34-Linux-3.10.0-229.4.2.el7.x86_64	B.ogr	B.ogrT	-6	-6	1	0	3600	0.0540	605	37	0	11252	100100001000001000000100000000010
8,34-54-850921	33	brglez@bn19-34-Linux-3.10.0-229.4.2.el7.x86_64	B.ogr	B.ogrT	-6	-6	1	0	3600	2.02	23115	1451	0	11448	010000000001000000100000100001001
8,34-55-266224	33	brglez@bn19-34-Linux-3.10.0-229.4.2.el7.x86_64	B.ogr	B.ogrT	-6	-6	1	0	3600	1.69	19518	1225	0	11537	100100001000001000000100000000010
8,34-56-516110	33	brglez@bn19-34-Linux-3.10.0-229.4.2.el7.x86_64	B.ogr	B.ogrT	-6	-6	1	0	3600	0.695	8096	507	0	11643	010000000001000000100000100001001
8,34-57-967838	33	brglez@bn19-34-Linux-3.10.0-229.4.2.el7.x86_64	B.ogr	B.ogrT	-6	-6	1	0	3600	0.0440	508	31	0	11534	100100001000001000000100000000010
8,34-58-269800	33	brglez@bn19-34-Linux-3.10.0-229.4.2.el7.x86_64	B.ogr	B.ogrT	-6	-6	1	0	3600	2.00	23128	1451	0	11583	100100001000001000000100000000010
8,34-59-895241	33	brglez@bn19-34-Linux-3.10.0-229.4.2.el7.x86_64	B.ogr	B.ogrT	-6	-6	1	0	3600	0.155	1788	111	0	11536	100100001000001000000100000000010
8,34-60-20995	33	brglez@bn19-34-Linux-3.10.0-229.4.2.el7.x86_64	B.ogr	B.ogrT	-6	-6	1	0	3600	0.779	9080	569	0	11649	100100001000001000000100000000010
8,34-61-635862	33	brglez@bn19-34-Linux-3.10.0-229.4.2.el7.x86_64	B.ogr	B.ogrT	-6	-6	1	0	3600	1.48	17259	1083	0	11631	100100001000001000000100000000010
8,34-62-881044	33	brglez@bn19-34-Linux-3.10.0-229.4.2.el7.x86_64	B.ogr	B.ogrT	-6	-6	1	0	3600	0.853	9954	623	0	11668	010000000001000000100000100001001
8,34-63-579016	33	brglez@bn19-34-Linux-3.10.0-229.4.2.el7.x86_64	B.ogr	B.ogrT	-6	-6	1	0	3600	2.54	29395	1847	0	11559	010000000001000000100000100001001
8,34-64-483939	33	brglez@bn19-34-Linux-3.10.0-229.4.2.el7.x86_64	B.ogr	B.ogrT	-6	-6	1	0	3600	1.63	18831	1181	0	11565	010000000001000000100000100001001
8,34-65-265656	33	brglez@bn19-34-Linux-3.10.0-229.4.2.el7.x86_64	B.ogr	B.ogrT	-6	-6	1	0	3600	1.48	17120	1075	0	11588	100100001000001000000100000000010
8,34-66-802646	33	brglez@bn19-34-Linux-3.10.0-229.4.2.el7.x86_64	B.ogr	B.ogrT	-6	-6	1	0	3600	2.59	29748	1869	0	11474	010000000001000000100000100001001
8,34-67-279501	33	brglez@bn19-34-Linux-3.10.0-229.4.2.el7.x86_64	B.ogr	B.ogrT	-6	-6	1	0	3600	0.774	8998	563	0	11630	010000000001000000100000100001001
8,34-68-943323	33	brglez@bn19-34-Linux-3.10.0-229.4.2.el7.x86_64	B.ogr	B.ogrT	-6	-6	1	0	3600	0.287	3319	207	0	11580	100100001000001000000100000000010
8,34-69-620924	33	brglez@bn19-34-Linux-3.10.0-229.4.2.el7.x86_64	B.ogr	B.ogrT	-6	-6	1	0	3600	0.924	10712	671	0	11595	010000000001000000100000100001001
8,34-70-969565	33	brglez@bn19-34-Linux-3.10.0-229.4.2.el7.x86_64	B.ogr	B.ogrT	-6	-6	1	0	3600	1.97	22726	1427	0	11532	100100001000001000000100000000010
8,34-71-435561	33	brglez@bn19-34-Linux-3.10.0-229.4.2.el7.x86_64	B.ogr	B.ogrT	-6	-6	1	0	3600	0.288	3320	207	0	11545	100100001000001000000100000000010
8,34-72-730541	33	brglez@bn19-34-Linux-3.10.0-229.4.2.el7.x86_64	B.ogr	B.ogrT	-6	-6	1	0	3600	0.214	2459	153	0	11474	010000000001000000100000100001001
8,34-73-747287	33	brglez@bn19-34-Linux-3.10.0-229.4.2.el7.x86_64	B.ogr	B.ogrT	-6	-6	1	0	3600	2.08	23847	1497	0	11466	100100001000001000000100000000010
8,34-74-479088	33	brglez@bn19-34-Linux-3.10.0-229.4.2.el7.x86_64	B.ogr	B.ogrT	-6	-6	1	0	3600	1.40	16183	1015	0	11579	010000000001000000100000100001001
8,34-75-175845	33	brglez@bn19-34-Linux-3.10.0-229.4.2.el7.x86_64	B.ogr	B.ogrT	-6	-6	1	0	3600	2.91	33490	2105	0	11498	100100001000001000000100000000010
8,34-76-262356	33	brglez@bn19-34-Linux-3.10.0-229.4.2.el7.x86_64	B.ogr	B.ogrT	-6	-6	1	0	3600	2.20	25398	1595	0	11560	100100001000001000000100000000010
8,34-77-727946	33	brglez@bn19-34-Linux-3.10.0-229.4.2.el7.x86_64	B.ogr	B.ogrT	-6	-6	1	0	3600	0.165	1911	119	0	11610	010000000001000000100000100001001
8,34-78-406727	33	brglez@bn19-34-Linux-3.10.0-229.4.2.el7.x86_64	B.ogr	B.ogrT	-6	-6	1	0	3600	0.759	8824	553	0	11631	010000000001000000100000100001001
8,34-79-969958	33	brglez@bn19-34-Linux-3.10.0-229.4.2.el7.x86_64	B.ogr	B.ogrT	-6	-6	1	0	3600	0.110	1274	79	0	11628	010000000001000000100000100001001
8,34-80-129911	33	brglez@bn19-34-Linux-3.10.0-229.4.2.el7.x86_64	B.ogr	B.ogrT	-6	-6	1	0	3600	1.52	17261	1083	0	11327	100100001000001000000100000000010
8,34-81-205595	33	brglez@bn19-34-Linux-3.10.0-229.4.2.el7.x86_64	B.ogr	B.ogrT	-6	-6	1	0	3600	0.0490	573	35	0	11581	100100001000001000000100000000010
8,34-82-511553	33	brglez@bn19-34-Linux-3.10.0-229.4.2.el7.x86_64	B.ogr	B.ogrT	-6	-6	1	0	3600	1.02	11820	741	0	11614	100100001000001000000100000000010
8,34-83-550138	33	brglez@bn19-34-Linux-3.10.0-229.4.2.el7.x86_64	B.ogr	B.ogrT	-6	-6	1	0	3600	1.22	14156	887	0	11640	010000000001000000100000100001001
8,34-84-935693	33	brglez@bn19-34-Linux-3.10.0-229.4.2.el7.x86_64	B.ogr	B.ogrT	-6	-6	1	0	3600	0.443	5178	325	0	11687	010000000001000000100000100001001
8,34-85-987601	33	brglez@bn19-34-Linux-3.10.0-229.4.2.el7.x86_64	B.ogr	B.ogrT	-6	-6	1	0	3600	0.594	6894	431	0	11612	010000000001000000100000100001001
8,34-86-851107	33	brglez@bn19-34-Linux-3.10.0-229.4.2.el7.x86_64	B.ogr	B.ogrT	-6	-6	1	0	3600	0.0940	1083	67	0	11569	100100001000001000000100000000010
8,34-87-732253	33	brglez@bn19-34-Linux-3.10.0-229.4.2.el7.x86_64	B.ogr	B.ogrT	-6	-6	1	0	3600	0.651	7553	473	0	11603	010000000001000000100000100001001
8,34-88-939981	33	brglez@bn19-34-Linux-3.10.0-229.4.2.el7.x86_64	B.ogr	B.ogrT	-6	-6	1	0	3600	0.639	7404	463	0	11584	010000000001000000100000100001001
8,34-89-21636	33	brglez@bn19-34-Linux-3.10.0-229.4.2.el7.x86_64	B.ogr	B.ogrT	-6	-6	1	0	3600	0.919	10680	669	0	11618	010000000001000000100000100001001
8,34-90-951584	33	brglez@bn19-34-Linux-3.10.0-229.4.2.el7.x86_64	B.ogr	B.ogrT	-6	-6	1	0	3600	0.321	3729	233	0	11613	100100001000001000000100000000010
8,34-91-254592	33	brglez@bn19-34-Linux-3.10.0-229.4.2.el7.x86_64	B.ogr	B.ogrT	-6	-6	1	0	3600	1.96	22382	1403	0	11449	100100001000001000000100000000010
8,34-92-468558	33	brglez@bn19-34-Linux-3.10.0-229.4.2.el7.x86_64	B.ogr	B.ogrT	-6	-6	1	0	3600	1.67	19270	1209	0	11516	010000000001000000100000100001001
8,34-93-82936	33	brglez@bn19-34-Linux-3.10.0-229.4.2.el7.x86_64	B.ogr	B.ogrT	-6	-6	1	0	3600	0.163	1880	117	0	11548	100100001000001000000100000000010
8,34-94-217997	33	brglez@bn19-34-Linux-3.10.0-229.4.2.el7.x86_64	B.ogr	B.ogrT	-6	-6	1	0	3600	0.544	6313	395	0	11596	010000000001000000100000100001001
8,34-95-843201	33	brglez@bn19-34-Linux-3.10.0-229.4.2.el7.x86_64	B.ogr	B.ogrT	-6	-6	1	0	3600	1.63	18860	1183	0	11593	100100001000001000000100000000010
8,34-96-794500	33	brglez@bn19-34-Linux-3.10.0-229.4.2.el7.x86_64	B.ogr	B.ogrT	-6	-6	1	0	3600	0.568	6602	413	0	11617	010000000001000000100000100001001
8,34-97-772679	33	brglez@bn19-34-Linux-3.10.0-229.4.2.el7.x86_64	B.ogr	B.ogrT	-6	-6	1	0	3600	2.34	26807	1685	0	11470	010000000001000000100000100001001
8,34-98-486604	33	brglez@bn19-34-Linux-3.10.0-229.4.2.el7.x86_64	B.ogr	B.ogrT	-6	-6	1	0	3600	1.26	14558	913	0	11581	010000000001000000100000100001001
8,34-99-813861	33	brglez@bn19-34-Linux-3.10.0-229.4.2.el7.x86_64	B.ogr	B.ogrT	-6	-6	1	0	3600	1.39	16030	1007	0	11568	100100001000001000000100000000010
8,34-100-475795	33	brglez@bn19-34-Linux-3.10.0-229.4.2.el7.x86_64	B.ogr	B.ogrT	-6	-6	1	0	3600	1.49	17221	1081	0	11593	010000000001000000100000100001001
