# created by the command fg-ogr-asymp 
# on Tue Sep 01 10:18:55 EDT 2015  
# fg-ogr-asymp 1 5 WS WT xPeriment-B.ogrT-100-WS-VCL/xPer-B.ogrT-5,11-100-1901-sample-stats.txt xPeriment-B.ogrT-100-WT-VCL/xPer-B.ogrT-WT-5,11-100-1901-sample-stats.txt 
#  
rulerMarks	runtime_WS	cntProbe_WS	walkLength_WS	cntRestart_WS	speedProbe_WS	runtime_WT	cntProbe_WT	walkLength_WT	cntRestart_WT	speedProbe_WT
5	0.00225	48.39	5.16	0	21458.31	0.00238	64.44	6.26	0	24544.41
6	0.00832	161.58	10.68	0	18911.08	0.0073	199.68	12.42	0	25902.58
7	0.07353	1128.13	49.22	0	15241.69	0.04098	937.29	39.16	0	22686.02
8	2.31552	28836.41	906.28	0	12485.33	1.4077	26829.86	817.7	0	19193.73
9	13.02914	133140.3	3178.18	0	10261.2	8.85796	141168.1	3291.86	0	16020.34
10	75.29297	634732.3	11997.4	0	8463.05	54.36892	728554.3	13518.52	0	13456.49
11	503.919	3430199	49058.48	0	6814.23	379.7581	4053068	57152.8	0	10725.72
