# thisFile = xPeriment-P.lopP-100-tableau-20150723-VCL/xPer-P.lopP-VCL-pal-27-252-100-1901-sample.txt 
# configuration file = xPeriment-P.lopP-100-tableau-20150723-VCL.tcl 
# created on Thu Jul 23 12:29:15 EDT 2015 
#
instanceID	instanceDim	hostID	sandboxID	solverName	valueTarget	valueBest	targetReached	isCensored	runtimeLmt	runtime	cntProbe	walkLength	cntRestart	speedProbe	coordBest
pal-27-252-1-1901	27	brglez@bn20-255-Linux-3.10.0-229.4.2.el7.x86_64	P.lop	P.lopP	-252.0	-245	0	1	3600.0	3.72e+03	20284397	10142197	0	5455	25,19,1,10,17,26,14,23,11,20,8,5,2,27,24,21,9,18,6,15,3,12,22,7,16,4,13
pal-27-252-2-53335	27	brglez@bn20-255-Linux-3.10.0-229.4.2.el7.x86_64	P.lop	P.lopP	-252.0	-247	0	1	3600.0	3.81e+03	20284053	10142025	0	5318	19,13,7,26,14,23,11,20,8,17,5,2,27,24,12,21,9,18,6,15,3,16,25,22,10,4,1
pal-27-252-3-567930	27	brglez@bn20-255-Linux-3.10.0-229.4.2.el7.x86_64	P.lop	P.lopP	-252.0	-235	0	1	3600.0	3.70e+03	20283825	10141911	0	5489	22,1,10,26,20,8,17,5,14,2,27,24,21,9,18,6,15,3,12,25,19,7,16,4,13,23,11
pal-27-252-4-256020	27	brglez@bn20-255-Linux-3.10.0-229.4.2.el7.x86_64	P.lop	P.lopP	-252.0	-248	0	1	3600.0	4.47e+03	20284437	10142217	0	4536	17,26,11,20,8,18,27,15,24,12,21,9,6,3,16,25,13,22,10,19,7,4,1,23,5,14,2
pal-27-252-5-304520	27	brglez@bn20-255-Linux-3.10.0-229.4.2.el7.x86_64	P.lop	P.lopP	-252.0	-249	0	1	3600.0	3.61e+03	20284021	10142009	0	5618	26,11,20,8,27,24,21,18,15,12,9,6,3,25,22,19,7,16,4,13,1,10,23,17,5,14,2
pal-27-252-6-887245	27	brglez@bn20-255-Linux-3.10.0-229.4.2.el7.x86_64	P.lop	P.lopP	-252.0	-241	0	1	3600.0	3.68e+03	20283929	10141963	0	5505	23,24,21,18,3,12,6,25,22,10,19,7,16,4,13,1,26,11,20,8,17,5,14,2,27,15,9
