# thisFile = xPeriment-config-P.lopT-config2/xPer-P.lopT-config2-pal-13-100-1901-sample.txt 
# configuration file = xPeriment-config-P.lopT-config2.tcl 
# created on Tue Apr 21 11:58:58 EDT 2015 
#
instanceID	instanceDim	hostID	sandboxID	solverName	valueTarget	valueBest	targetReached	isCensored	runtimeLmt	runtime	cntProbe	walkLength	cntRestart	speedProbe	coordBest
pal-13-1-1901	13	NA	NA	NA	-55.0	-55	1	0	5	0.11047700000000002	3112	292	0	NA	12,6,9,7,1,10,4,13,8,2,11,5,3
pal-13-2-53335	13	NA	NA	NA	-55.0	-55	1	0	5	0.09353800000000002	2640	247	0	NA	8,9,2,3,12,6,7,1,10,11,4,13,5
pal-13-3-567930	13	NA	NA	NA	-55.0	-55	1	0	5	0.07314799999999999	2035	190	0	NA	9,7,1,10,4,13,8,2,11,3,12,5,6
pal-13-4-256020	13	NA	NA	NA	-55.0	-55	1	0	5	0.06861400000000001	1931	182	0	NA	8,9,1,10,2,11,3,12,4,13,7,5,6
pal-13-5-304520	13	NA	NA	NA	-55.0	-55	1	0	5	0.04310199999999998	1187	110	0	NA	9,3,12,10,4,13,7,8,1,2,11,6,5
pal-13-6-887245	13	NA	NA	NA	-55.0	-55	1	0	5	0.026541000000000006	731	68	0	NA	8,9,2,3,12,6,1,10,4,13,7,11,5
pal-13-7-244841	13	NA	NA	NA	-55.0	-55	1	0	5	0.032215	884	81	0	NA	11,9,3,12,6,7,1,10,4,13,5,8,2
pal-13-8-843586	13	NA	NA	NA	-55.0	-55	1	0	5	0.1695529999999994	4741	453	0	NA	9,3,12,13,7,1,10,4,8,2,11,5,6
pal-13-9-436548	13	NA	NA	NA	-55.0	-55	1	0	5	0.24216999999999897	6817	646	0	NA	9,7,1,10,13,8,2,11,3,12,5,6,4
pal-13-10-558338	13	NA	NA	NA	-55.0	-55	1	0	5	0.27234899999999895	7656	748	0	NA	9,3,12,1,4,13,7,10,5,8,2,11,6
pal-13-11-545556	13	NA	NA	NA	-55.0	-55	1	0	5	0.19710699999999923	5518	532	0	NA	9,3,12,6,4,7,1,10,13,8,2,11,5
pal-13-12-229548	13	NA	NA	NA	-55.0	-55	1	0	5	0.15256899999999965	4264	404	0	NA	9,1,10,4,13,7,8,2,11,12,5,3,6
pal-13-13-236192	13	NA	NA	NA	-55.0	-55	1	0	5	0.1647790000000001	4623	438	0	NA	8,12,6,9,10,3,1,4,13,7,2,11,5
pal-13-14-173257	13	NA	NA	NA	-55.0	-55	1	0	5	0.013081	352	32	0	NA	11,9,3,12,6,1,10,4,13,7,2,5,8
pal-13-15-842560	13	NA	NA	NA	-55.0	-55	1	0	5	0.06781500000000003	1907	177	0	NA	9,1,10,4,13,7,8,2,11,5,3,12,6
pal-13-16-478777	13	NA	NA	NA	-55.0	-55	1	0	5	0.07389400000000003	2075	193	0	NA	9,7,12,1,10,13,8,2,11,5,3,6,4
pal-13-17-267593	13	NA	NA	NA	-55.0	-55	1	0	5	0.038291000000000006	1065	101	0	NA	10,8,11,9,2,3,12,6,1,4,13,7,5
pal-13-18-591342	13	NA	NA	NA	-55.0	-55	1	0	5	0.11343499999999992	3198	298	0	NA	8,11,9,10,3,12,1,4,13,7,2,5,6
pal-13-19-818716	13	NA	NA	NA	-55.0	-55	1	0	5	0.14003000000000007	3901	368	0	NA	8,9,1,10,13,2,11,3,12,6,4,7,5
pal-13-20-91757	13	NA	NA	NA	-55.0	-55	1	0	5	0.07387999999999997	2091	196	0	NA	9,7,12,1,10,4,13,2,8,11,5,3,6
pal-13-21-512826	13	NA	NA	NA	-55.0	-55	1	0	5	0.043218000000000006	1215	112	0	NA	9,1,10,13,8,2,11,3,12,6,4,7,5
pal-13-22-997742	13	NA	NA	NA	-55.0	-55	1	0	5	0.004435	112	10	0	NA	8,11,3,6,9,12,1,10,4,13,7,5,2
pal-13-23-775817	13	NA	NA	NA	-55.0	-55	1	0	5	0.018763	517	47	0	NA	9,12,6,7,1,10,4,13,8,2,11,5,3
pal-13-24-252183	13	NA	NA	NA	-55.0	-55	1	0	5	0.17681999999999948	4987	469	0	NA	8,9,2,3,12,13,6,7,1,10,11,4,5
pal-13-25-594027	13	NA	NA	NA	-55.0	-55	1	0	5	0.010630000000000002	286	26	0	NA	9,12,1,13,7,10,8,2,11,5,3,6,4
pal-13-26-997677	13	NA	NA	NA	-55.0	-55	1	0	5	0.03864700000000001	1070	99	0	NA	8,9,1,10,2,11,3,12,4,13,5,6,7
pal-13-27-225861	13	NA	NA	NA	-55.0	-55	1	0	5	0.055077000000000036	1549	144	0	NA	7,8,9,1,10,2,11,3,12,4,13,5,6
pal-13-28-256367	13	NA	NA	NA	-55.0	-55	1	0	5	0.060439000000000014	1695	158	0	NA	9,10,8,11,3,12,1,4,13,7,2,5,6
pal-13-29-948132	13	NA	NA	NA	-55.0	-55	1	0	5	0.0064139999999999996	167	15	0	NA	9,3,12,6,1,10,4,13,7,2,11,5,8
pal-13-30-186147	13	NA	NA	NA	-55.0	-55	1	0	5	0.21200799999999928	6013	569	0	NA	6,9,3,12,7,1,10,4,13,8,2,11,5
pal-13-31-364649	13	NA	NA	NA	-55.0	-55	1	0	5	0.10230800000000016	2885	273	0	NA	8,9,12,1,10,11,3,4,13,7,2,5,6
pal-13-32-122908	13	NA	NA	NA	-55.0	-55	1	0	5	1.0070230000000062	28326	2798	0	NA	12,1,9,10,4,13,7,8,2,11,5,3,6
pal-13-33-46465	13	NA	NA	NA	-55.0	-55	1	0	5	0.048336000000000004	1352	127	0	NA	9,12,10,4,13,7,8,2,11,5,3,6,1
pal-13-34-903326	13	NA	NA	NA	-55.0	-55	1	0	5	0.07603700000000002	2135	198	0	NA	8,9,1,10,2,11,3,12,13,6,4,7,5
pal-13-35-504012	13	NA	NA	NA	-55.0	-55	1	0	5	0.20998299999999903	5886	568	0	NA	8,9,2,3,12,13,6,7,1,10,11,4,5
pal-13-36-623677	13	NA	NA	NA	-55.0	-55	1	0	5	0.019730000000000004	534	49	0	NA	10,8,9,2,11,3,12,6,1,4,13,7,5
pal-13-37-93095	13	NA	NA	NA	-55.0	-55	1	0	5	0.14535599999999974	4124	388	0	NA	9,10,3,1,4,13,7,8,2,11,12,5,6
pal-13-38-510387	13	NA	NA	NA	-55.0	-55	1	0	5	0.05641700000000001	1582	147	0	NA	9,1,10,13,8,2,11,3,12,6,4,7,5
pal-13-39-177077	13	NA	NA	NA	-55.0	-55	1	0	5	0.016753000000000004	455	42	0	NA	12,9,7,1,10,4,13,5,8,2,11,3,6
pal-13-40-316911	13	NA	NA	NA	-55.0	-55	1	0	5	0.037730999999999994	1053	98	0	NA	9,1,10,4,13,7,8,2,11,5,3,12,6
pal-13-41-771978	13	NA	NA	NA	-55.0	-55	1	0	5	0.014243999999999996	391	36	0	NA	11,9,3,12,1,10,4,13,7,2,5,8,6
pal-13-42-278615	13	NA	NA	NA	-55.0	-55	1	0	5	0.041257999999999996	1141	106	0	NA	8,3,9,12,13,6,7,1,10,11,4,2,5
pal-13-43-400843	13	NA	NA	NA	-55.0	-55	1	0	5	0.023138999999999993	635	58	0	NA	9,7,8,1,10,2,11,3,12,4,13,5,6
pal-13-44-1612	13	NA	NA	NA	-55.0	-55	1	0	5	0.12422900000000008	3501	329	0	NA	9,3,12,7,1,10,13,8,2,11,4,5,6
pal-13-45-38914	13	NA	NA	NA	-55.0	-55	1	0	5	0.030287000000000005	813	76	0	NA	9,1,10,13,8,2,11,3,12,6,4,7,5
pal-13-46-661487	13	NA	NA	NA	-55.0	-55	1	0	5	0.028740000000000012	784	74	0	NA	9,7,10,8,3,12,1,4,13,2,11,5,6
pal-13-47-536865	13	NA	NA	NA	-55.0	-55	1	0	5	0.022051999999999995	611	56	0	NA	9,1,10,4,13,7,8,2,11,12,5,3,6
pal-13-48-34631	13	NA	NA	NA	-55.0	-55	1	0	5	0.07236100000000006	2037	190	0	NA	8,2,11,9,3,12,6,1,10,4,13,7,5
pal-13-49-285141	13	NA	NA	NA	-55.0	-55	1	0	5	0.1785509999999994	5034	475	0	NA	9,7,1,10,13,8,2,11,12,5,3,6,4
pal-13-50-816448	13	NA	NA	NA	-55.0	-55	1	0	5	0.04474100000000002	1264	117	0	NA	9,13,7,10,8,2,11,3,12,6,1,4,5
pal-13-51-764053	13	NA	NA	NA	-55.0	-55	1	0	5	0.012372999999999999	339	31	0	NA	8,2,11,9,3,12,6,1,10,4,13,7,5
pal-13-52-841644	13	NA	NA	NA	-55.0	-55	1	0	5	0.10548200000000009	2987	281	0	NA	9,12,10,13,4,7,8,1,2,11,5,3,6
pal-13-53-990163	13	NA	NA	NA	-55.0	-55	1	0	5	0.04097999999999999	1139	107	0	NA	8,9,2,3,12,6,7,1,10,11,4,13,5
pal-13-54-850921	13	NA	NA	NA	-55.0	-55	1	0	5	0.062862	1752	164	0	NA	9,3,12,13,6,7,1,10,4,8,2,11,5
pal-13-55-266224	13	NA	NA	NA	-55.0	-55	1	0	5	0.048464999999999994	1356	127	0	NA	9,7,10,8,11,3,12,1,4,13,2,5,6
pal-13-56-516110	13	NA	NA	NA	-55.0	-55	1	0	5	0.13386499999999987	3789	359	0	NA	9,7,1,10,13,8,2,11,3,12,5,6,4
pal-13-57-967838	13	NA	NA	NA	-55.0	-55	1	0	5	0.10563400000000002	3002	283	0	NA	9,10,3,4,13,7,8,1,2,11,12,5,6
pal-13-58-269800	13	NA	NA	NA	-55.0	-55	1	0	5	0.03321299999999999	931	86	0	NA	10,8,11,9,2,3,12,6,1,4,13,7,5
pal-13-59-895241	13	NA	NA	NA	-55.0	-55	1	0	5	0.6542100000000016	18505	1787	0	NA	12,9,10,3,4,13,7,8,1,2,11,5,6
pal-13-60-20995	13	NA	NA	NA	-55.0	-55	1	0	5	0.15647899999999973	4415	423	0	NA	8,11,9,2,3,12,6,7,1,10,4,13,5
pal-13-61-635862	13	NA	NA	NA	-55.0	-55	1	0	5	0.07557900000000005	2108	198	0	NA	9,12,10,4,13,7,8,2,11,5,3,6,1
pal-13-62-881044	13	NA	NA	NA	-55.0	-55	1	0	5	0.11879599999999994	3332	313	0	NA	9,7,1,10,13,8,2,11,3,12,4,5,6
pal-13-63-579016	13	NA	NA	NA	-55.0	-55	1	0	5	0.005213999999999999	134	12	0	NA	7,8,11,9,3,12,6,1,10,4,13,2,5
pal-13-64-483939	13	NA	NA	NA	-55.0	-55	1	0	5	0.10612299999999995	2921	274	0	NA	12,9,10,4,13,7,8,1,2,11,5,3,6
pal-13-65-265656	13	NA	NA	NA	-55.0	-55	1	0	5	0.023610000000000006	650	60	0	NA	10,8,11,9,3,12,1,4,13,2,5,6,7
pal-13-66-802646	13	NA	NA	NA	-55.0	-55	1	0	5	0.08858099999999984	2486	234	0	NA	8,6,9,12,7,1,10,4,13,2,11,5,3
pal-13-67-279501	13	NA	NA	NA	-55.0	-55	1	0	5	0.06948900000000002	1954	181	0	NA	9,12,13,7,8,1,10,2,11,5,3,6,4
pal-13-68-943323	13	NA	NA	NA	-55.0	-55	1	0	5	0.008258000000000001	221	20	0	NA	9,12,7,1,10,13,8,11,2,5,3,6,4
pal-13-69-620924	13	NA	NA	NA	-55.0	-55	1	0	5	0.018255999999999994	485	45	0	NA	9,12,7,1,10,13,2,5,8,11,3,6,4
pal-13-70-969565	13	NA	NA	NA	-55.0	-55	1	0	5	0.13134299999999993	3652	350	0	NA	12,6,9,7,1,10,4,13,8,2,11,5,3
pal-13-71-435561	13	NA	NA	NA	-55.0	-55	1	0	5	0.256339999999999	7261	699	0	NA	8,9,1,10,11,3,12,4,13,7,2,5,6
pal-13-72-730541	13	NA	NA	NA	-55.0	-55	1	0	5	0.095331	2672	250	0	NA	9,3,7,1,10,4,13,8,2,11,12,5,6
pal-13-73-747287	13	NA	NA	NA	-55.0	-55	1	0	5	0.11038200000000006	3045	284	0	NA	9,10,8,11,3,12,6,1,4,13,7,2,5
pal-13-74-479088	13	NA	NA	NA	-55.0	-55	1	0	5	0.017641000000000004	492	45	0	NA	9,3,12,7,1,10,11,4,13,2,5,8,6
pal-13-75-175845	13	NA	NA	NA	-55.0	-55	1	0	5	0.022903000000000003	604	56	0	NA	12,6,9,7,1,10,4,13,8,2,11,5,3
pal-13-76-262356	13	NA	NA	NA	-55.0	-55	1	0	5	0.07293700000000002	2043	190	0	NA	8,9,12,1,10,3,4,13,2,7,11,5,6
pal-13-77-727946	13	NA	NA	NA	-55.0	-55	1	0	5	0.012810999999999998	351	32	0	NA	8,11,9,3,12,13,6,7,1,10,2,4,5
pal-13-78-406727	13	NA	NA	NA	-55.0	-55	1	0	5	0.18120599999999956	5048	485	0	NA	10,8,11,9,2,3,12,6,1,4,13,7,5
pal-13-79-969958	13	NA	NA	NA	-55.0	-55	1	0	5	0.043936000000000024	1224	114	0	NA	7,8,9,12,1,10,13,2,11,5,3,6,4
pal-13-80-129911	13	NA	NA	NA	-55.0	-55	1	0	5	0.07934500000000005	2205	210	0	NA	6,9,3,12,7,1,10,4,13,8,2,11,5
pal-13-81-205595	13	NA	NA	NA	-55.0	-55	1	0	5	0.18065899999999957	5111	485	0	NA	9,1,10,4,13,7,8,2,11,5,3,12,6
pal-13-82-511553	13	NA	NA	NA	-55.0	-55	1	0	5	0.20582399999999948	5833	548	0	NA	9,10,3,4,13,7,8,1,2,11,12,5,6
pal-13-83-550138	13	NA	NA	NA	-55.0	-55	1	0	5	0.017700999999999998	492	45	0	NA	8,11,9,3,12,4,13,6,7,1,10,2,5
pal-13-84-935693	13	NA	NA	NA	-55.0	-55	1	0	5	0.011935000000000001	320	29	0	NA	9,13,7,10,8,2,11,3,12,6,1,4,5
pal-13-85-987601	13	NA	NA	NA	-55.0	-55	1	0	5	0.06833400000000005	1925	181	0	NA	8,9,12,3,6,7,1,10,11,4,13,2,5
pal-13-86-851107	13	NA	NA	NA	-55.0	-55	1	0	5	0.07690500000000004	2141	202	0	NA	9,10,13,8,2,11,3,12,6,1,4,7,5
pal-13-87-732253	13	NA	NA	NA	-55.0	-55	1	0	5	0.10820300000000012	3024	283	0	NA	9,10,13,7,8,2,11,3,12,6,1,4,5
pal-13-88-939981	13	NA	NA	NA	-55.0	-55	1	0	5	0.020823999999999995	573	53	0	NA	8,9,12,1,4,13,7,10,2,11,5,3,6
pal-13-89-21636	13	NA	NA	NA	-55.0	-55	1	0	5	0.04123900000000001	1136	106	0	NA	8,12,6,9,7,1,10,4,13,2,11,5,3
pal-13-90-951584	13	NA	NA	NA	-55.0	-55	1	0	5	0.081344	2291	215	0	NA	9,12,1,10,4,13,7,11,5,8,2,3,6
pal-13-91-254592	13	NA	NA	NA	-55.0	-55	1	0	5	0.12053899999999994	3380	315	0	NA	8,9,3,12,7,1,11,10,4,13,2,5,6
pal-13-92-468558	13	NA	NA	NA	-55.0	-55	1	0	5	0.16488699999999953	4665	436	0	NA	8,9,3,12,6,7,10,1,13,4,2,11,5
pal-13-93-82936	13	NA	NA	NA	-55.0	-55	1	0	5	0.027844999999999998	778	73	0	NA	11,9,3,12,1,10,4,13,7,8,2,5,6
pal-13-94-217997	13	NA	NA	NA	-55.0	-55	1	0	5	0.13119599999999987	3719	349	0	NA	11,9,3,12,7,1,10,4,13,5,8,2,6
pal-13-95-843201	13	NA	NA	NA	-55.0	-55	1	0	5	0.2601489999999988	7310	697	0	NA	11,9,3,12,1,10,4,13,7,2,5,8,6
pal-13-96-794500	13	NA	NA	NA	-55.0	-55	1	0	5	0.09699299999999997	2675	253	0	NA	8,11,9,3,12,13,6,1,7,10,4,2,5
pal-13-97-772679	13	NA	NA	NA	-55.0	-55	1	0	5	0.02453299999999999	685	63	0	NA	9,7,10,8,2,11,3,12,6,1,4,13,5
pal-13-98-486604	13	NA	NA	NA	-55.0	-55	1	0	5	0.22324499999999858	6287	601	0	NA	9,10,13,8,2,11,3,12,6,1,4,7,5
pal-13-99-813861	13	NA	NA	NA	-55.0	-55	1	0	5	0.06885199999999998	1922	180	0	NA	9,7,10,8,2,11,3,12,1,4,13,5,6
pal-13-100-475795	13	NA	NA	NA	-55.0	-55	1	0	5	0.11025199999999989	3096	290	0	NA	7,10,8,11,9,3,12,1,4,13,2,5,6
