# thisFile = xPeriment-P.lopT-100-tableau-20150723-1902-VCL/xPer-P.lopT-VCL-pal-27-252-100-1902-sample.txt 
# configuration file = xPeriment-P.lopT-100-tableau-20150723-1902-VCL.tcl 
# created on Thu Jul 23 22:43:04 EDT 2015 
#
instanceID	instanceDim	hostID	sandboxID	solverName	valueTarget	valueBest	targetReached	isCensored	runtimeLmt	runtime	cntProbe	walkLength	cntRestart	speedProbe	coordBest
pal-27-252-1-1902	27	brglez@bn18-162-Linux-3.10.0-229.4.2.el7.x86_64	P.lop	P.lopT	-252.0	-247	0	1	7200	7.20e+03	17407527	8703763	0	2418	19,16,26,23,11,20,8,17,5,27,15,24,12,21,9,18,6,3,25,13,22,10,7,4,1,14,2
pal-27-252-2-184873	27	brglez@bn18-162-Linux-3.10.0-229.4.2.el7.x86_64	P.lop	P.lopT	-252.0	-241	0	1	7200	7.20e+03	17367589	8683794	0	2412	18,3,12,6,25,22,19,7,16,4,13,1,10,26,14,23,11,20,8,17,5,2,27,24,21,15,9
pal-27-252-3-785507	27	brglez@bn18-162-Linux-3.10.0-229.4.2.el7.x86_64	P.lop	P.lopT	-252.0	-247	0	1	7200	7.20e+03	17043193	8521596	0	2367	27,24,9,3,25,22,10,19,7,16,4,13,1,26,14,23,11,20,8,17,5,2,21,18,15,12,6
pal-27-252-4-853350	27	brglez@bn18-162-Linux-3.10.0-229.4.2.el7.x86_64	P.lop	P.lopT	-252.0	-249	0	1	7200	7.20e+03	17754545	8877272	0	2466	22,19,26,23,11,20,8,17,5,14,27,24,21,9,18,6,15,3,12,16,25,13,10,7,4,1,2
pal-27-252-5-771511	27	brglez@bn18-162-Linux-3.10.0-229.4.2.el7.x86_64	P.lop	P.lopT	-252.0	-249	0	1	7200	7.20e+03	17512019	8756009	0	2432	25,22,19,7,1,26,23,20,8,17,5,14,2,11,27,15,24,12,21,9,18,6,3,16,13,10,4
pal-27-252-6-850468	27	brglez@bn18-162-Linux-3.10.0-229.4.2.el7.x86_64	P.lop	P.lopT	-252.0	-245	0	1	7200	7.20e+03	17670185	8835092	0	2454	15,9,25,22,19,7,16,4,13,1,26,14,23,11,20,8,17,5,2,27,24,21,18,3,12,6,10
